3 0.175947 0.294653 0.082440 0.133130
3 0.270807 0.536269 0.069547 0.126944
3 0.752005 0.056458 0.076745 0.109389
3 0.253378 0.128991 0.076047 0.133704
3 0.799156 0.375692 0.079026 0.142644
3 0.184079 0.540016 0.083852 0.132875
1 0.431634 0.965840 0.084779 0.068319
3 0.214543 0.797444 0.084060 0.156537
3 0.610891 0.202479 0.078052 0.138486
3 0.103625 0.926470 0.083651 0.141940
1 0.976150 0.862292 0.047701 0.144444
1 0.513033 0.033949 0.087607 0.067898
3 0.073595 0.559808 0.090201 0.151403
1 0.117895 0.036116 0.075747 0.071231
1 0.962243 0.946167 0.075398 0.105787
1 0.602143 0.961252 0.084005 0.076699
1 0.218249 0.631301 0.089430 0.150463
1 0.823833 0.961009 0.083609 0.077398
1 0.874458 0.045917 0.080729 0.089880
1 0.822523 0.117146 0.073385 0.182597
1 0.606691 0.050866 0.076779 0.100352
1 0.977430 0.324565 0.045141 0.158565
1 0.662695 0.542444 0.087870 0.147843
1 0.310527 0.053273 0.082117 0.105704
1 0.595260 0.572782 0.072125 0.155352
1 0.164577 0.853266 0.087445 0.149023
1 0.767961 0.178775 0.090031 0.144690
1 0.348122 0.371458 0.080063 0.148463
1 0.898072 0.938544 0.074122 0.121356
1 0.304835 0.832215 0.071706 0.149866
1 0.363556 0.797231 0.066497 0.124491
1 0.823573 0.858174 0.090708 0.134171
1 0.746396 0.642762 0.073823 0.111560
1 0.571986 0.796157 0.078648 0.170843
1 0.438870 0.867697 0.091755 0.138866
1 0.886954 0.166537 0.072154 0.131824
1 0.732409 0.892613 0.083578 0.153106
1 0.250404 0.931076 0.088641 0.137847
1 0.530749 0.919935 0.086336 0.150074
1 0.394737 0.291002 0.083167 0.158134
1 0.109322 0.170248 0.074534 0.148153
1 0.873398 0.351139 0.079672 0.155287
1 0.454919 0.516900 0.078536 0.151727
1 0.037311 0.411319 0.074622 0.141074
1 0.645013 0.818072 0.074708 0.150542
1 0.119395 0.734674 0.080034 0.162773
1 0.768526 0.506248 0.077620 0.143625
1 0.740350 0.280530 0.070924 0.118838
1 0.180255 0.157968 0.073995 0.148250
1 0.679404 0.074016 0.078260 0.144894
1 0.047156 0.693389 0.088891 0.139991
1 0.319411 0.614637 0.076917 0.140227
1 0.472253 0.742181 0.082943 0.151491
1 0.032690 0.865134 0.065380 0.136685
1 0.906323 0.558421 0.081057 0.149037
1 0.657354 0.674160 0.085089 0.135736
1 0.830962 0.564981 0.073622 0.137324
1 0.468042 0.227319 0.080625 0.130417
1 0.954001 0.105343 0.090102 0.160407
1 0.949888 0.439593 0.083099 0.148565
1 0.960746 0.642174 0.078508 0.165162
1 0.686975 0.438833 0.091747 0.154435
1 0.593892 0.340319 0.084794 0.140065
1 0.101704 0.312861 0.084023 0.142611
1 0.277954 0.411146 0.077555 0.128505
1 0.259557 0.716505 0.076604 0.143898
1 0.783819 0.748035 0.082904 0.140829
1 0.507201 0.608975 0.082755 0.143208
1 0.162819 0.422803 0.087560 0.140273
1 0.533042 0.139979 0.085958 0.149162
1 0.385426 0.679928 0.085898 0.139597
1 0.528262 0.429241 0.088878 0.152389
1 0.394081 0.461993 0.085359 0.162764
1 0.042176 0.116405 0.081445 0.144894
1 0.335117 0.204343 0.073604 0.127796
1 0.031957 0.269313 0.063914 0.133921
1 0.309883 0.973111 0.091339 0.052898
1 0.681616 0.980127 0.085310 0.039310
1 0.367367 0.020690 0.082411 0.041380
1 0.993021 0.175324 0.013958 0.152278
1 0.948763 0.013308 0.086964 0.025819
1 0.012969 0.518333 0.025682 0.151981
