3 0.063486 0.173338 0.077826 0.138231
3 0.137992 0.325382 0.081906 0.148273
1 0.994850 0.439502 0.010299 0.144940
1 0.988965 0.028023 0.022070 0.056046
1 0.006772 0.181468 0.013544 0.139824
3 0.572393 0.904127 0.087714 0.143356
1 0.991654 0.155875 0.016693 0.148500
3 0.785842 0.835275 0.073190 0.132949
1 0.524857 0.978671 0.081896 0.041870
3 0.450931 0.397604 0.077065 0.145625
1 0.986410 0.853750 0.027154 0.134083
1 0.967824 0.967854 0.064352 0.064292
1 0.197201 0.023472 0.084651 0.046694
1 0.045310 0.023317 0.081250 0.046199
3 0.853350 0.889699 0.081451 0.152565
1 0.017340 0.944921 0.034680 0.108417
1 0.986520 0.579343 0.026945 0.143852
3 0.256563 0.310889 0.085354 0.141611
3 0.376115 0.419812 0.079516 0.140301
3 0.036348 0.279336 0.072607 0.135079
3 0.447423 0.937750 0.082060 0.121139
1 0.193767 0.954553 0.076482 0.089625
1 0.429027 0.811021 0.083023 0.181782
1 0.652728 0.962671 0.084576 0.074120
1 0.312738 0.499259 0.080966 0.163889
1 0.958732 0.046725 0.077078 0.093301
1 0.294283 0.887238 0.073576 0.152079
1 0.188263 0.431238 0.071031 0.162634
1 0.196315 0.704669 0.095193 0.122532
1 0.742556 0.943720 0.086398 0.112060
1 0.049529 0.602681 0.087984 0.179278
1 0.153965 0.817609 0.083560 0.137588
1 0.139987 0.151808 0.080484 0.163227
1 0.031927 0.421565 0.063365 0.154528
1 0.097326 0.725611 0.078687 0.124037
1 0.398861 0.546431 0.085711 0.139528
1 0.213230 0.597444 0.079872 0.127370
1 0.546007 0.583102 0.069357 0.164222
1 0.361988 0.791079 0.079768 0.141593
1 0.253892 0.447373 0.073346 0.128588
1 0.130428 0.605586 0.077393 0.131727
1 0.937467 0.908347 0.083383 0.131278
1 0.471042 0.770333 0.067089 0.141352
1 0.599711 0.096729 0.100401 0.167079
1 0.220878 0.125863 0.092266 0.160569
1 0.531546 0.356694 0.078445 0.159056
1 0.530406 0.733907 0.074510 0.145657
1 0.338065 0.963764 0.075229 0.072472
1 0.233310 0.817979 0.078510 0.141718
3 0.692764 0.568620 0.082190 0.129833
1 0.407762 0.238044 0.091430 0.153190
1 0.351695 0.654535 0.090260 0.148097
1 0.536345 0.203387 0.088352 0.148060
1 0.728141 0.683359 0.079995 0.164838
1 0.478746 0.549451 0.076565 0.152338
1 0.644454 0.652907 0.091987 0.150083
1 0.609042 0.380488 0.080604 0.147412
1 0.962146 0.347956 0.075641 0.154079
1 0.797074 0.069884 0.082987 0.139769
1 0.873430 0.459500 0.082078 0.160426
1 0.893453 0.249225 0.089557 0.145458
1 0.671934 0.322181 0.083529 0.146176
1 0.935695 0.145102 0.087604 0.147741
1 0.609155 0.525176 0.084789 0.146065
1 0.834613 0.318181 0.087831 0.159056
1 0.799243 0.702118 0.077029 0.135338
1 0.935991 0.542931 0.085086 0.149083
1 0.945628 0.778465 0.075776 0.142366
1 0.798126 0.566947 0.082190 0.131894
1 0.878081 0.704984 0.082229 0.146523
1 0.766947 0.434139 0.085201 0.148648
