1 0.150268 0.944549 0.076292 0.109745
1 0.017546 0.015942 0.035091 0.031884
1 0.988095 0.982398 0.023810 0.032981
1 0.220624 0.979505 0.078654 0.040120
3 0.197146 0.042035 0.069396 0.081884
1 0.990115 0.518528 0.019771 0.159963
1 0.493397 0.017030 0.091596 0.034060
1 0.792806 0.015748 0.082284 0.031190
3 0.897690 0.464991 0.068833 0.154093
1 0.012779 0.195813 0.025557 0.143208
1 0.365802 0.019410 0.081380 0.038819
1 0.123921 0.022456 0.086784 0.044208
3 0.351036 0.815789 0.078385 0.152116
3 0.486168 0.193826 0.077581 0.152449
3 0.372803 0.110118 0.078904 0.142829
3 0.678103 0.221069 0.079940 0.136546
3 0.379229 0.937481 0.074406 0.121352
1 0.446448 0.964521 0.072167 0.070588
1 0.574176 0.033509 0.071633 0.065787
1 0.721234 0.042632 0.086656 0.084236
1 0.931391 0.954590 0.084505 0.089301
1 0.571284 0.965245 0.089193 0.069509
1 0.805522 0.335262 0.088086 0.148532
3 0.389418 0.532014 0.082747 0.149870
3 0.721180 0.833817 0.076453 0.147995
1 0.801980 0.964590 0.087211 0.070699
1 0.050815 0.058745 0.078302 0.117093
1 0.948865 0.242789 0.075911 0.128653
1 0.817958 0.228896 0.082812 0.144616
1 0.075561 0.951338 0.077508 0.095139
1 0.507676 0.934176 0.080555 0.131648
1 0.697538 0.955528 0.085612 0.088694
1 0.110728 0.226831 0.101294 0.136588
1 0.948099 0.489058 0.078901 0.152949
1 0.428793 0.306620 0.079680 0.120759
1 0.855570 0.055611 0.078766 0.109741
1 0.296671 0.943799 0.079924 0.110736
1 0.493884 0.824669 0.077268 0.177421
1 0.443365 0.080720 0.071516 0.137208
1 0.709329 0.319525 0.090690 0.127208
1 0.738379 0.543921 0.076763 0.135500
1 0.894962 0.218627 0.080961 0.138162
1 0.931811 0.111530 0.082805 0.147171
1 0.695926 0.101648 0.084924 0.142148
1 0.530090 0.101975 0.092326 0.155273
1 0.117646 0.105329 0.082823 0.129352
1 0.303447 0.746278 0.082909 0.155019
1 0.566799 0.850319 0.075495 0.138037
1 0.292133 0.317667 0.069786 0.138787
1 0.952435 0.828306 0.080682 0.134093
1 0.480184 0.620905 0.077674 0.141653
1 0.187751 0.148868 0.087122 0.154477
1 0.577430 0.559095 0.085698 0.143958
1 0.098376 0.815856 0.083857 0.141509
1 0.883971 0.605785 0.073901 0.135347
1 0.678908 0.706208 0.085487 0.162130
1 0.045911 0.552539 0.085932 0.159245
1 0.124646 0.614579 0.089620 0.157306
1 0.266104 0.118028 0.082724 0.138852
1 0.314189 0.481690 0.082810 0.139796
1 0.185871 0.504248 0.084383 0.149208
1 0.105297 0.447595 0.094339 0.161301
1 0.222458 0.610278 0.083026 0.142491
1 0.825749 0.717056 0.075310 0.167102
1 0.255794 0.867910 0.091432 0.132560
1 0.430251 0.413836 0.082169 0.135199
1 0.862996 0.917512 0.081690 0.152847
1 0.052669 0.702625 0.099760 0.134417
1 0.232336 0.282755 0.078823 0.149444
1 0.499564 0.474988 0.079961 0.160273
1 0.815152 0.521264 0.088253 0.161333
1 0.285005 0.614100 0.077630 0.130727
1 0.757009 0.426324 0.082003 0.137213
1 0.886684 0.753160 0.073544 0.141542
1 0.637535 0.866331 0.072966 0.138819
1 0.757211 0.695016 0.076469 0.170319
1 0.533987 0.343014 0.084089 0.157333
1 0.970158 0.357417 0.059518 0.119602
1 0.021797 0.441806 0.043594 0.133213
1 0.679474 0.458456 0.080922 0.166301
1 0.367777 0.255426 0.083367 0.124241
1 0.028530 0.833951 0.057023 0.157708
1 0.601220 0.681829 0.075570 0.145306
1 0.242665 0.422968 0.084648 0.170426
1 0.421852 0.816197 0.076625 0.134894
1 0.234719 0.742771 0.086922 0.131755
1 0.433814 0.712815 0.093352 0.138426
3 0.073449 0.325727 0.079987 0.135593
