3 0.353491 0.483194 0.078701 0.142185
1 0.435064 0.985326 0.078612 0.026329
1 0.005549 0.502019 0.010859 0.144333
1 0.976780 0.023032 0.045643 0.046000
3 0.729337 0.056280 0.091133 0.110940
1 0.986867 0.828361 0.026104 0.126139
1 0.139245 0.018720 0.069609 0.036514
3 0.977122 0.942426 0.045625 0.111574
1 0.674061 0.973363 0.090398 0.053144
3 0.021753 0.374350 0.043505 0.130662
3 0.211698 0.934150 0.084229 0.128995
3 0.454227 0.417604 0.075479 0.138819
3 0.430951 0.901100 0.076083 0.135273
3 0.611632 0.052127 0.083180 0.102440
3 0.949053 0.426801 0.070909 0.141676
3 0.666354 0.876623 0.081406 0.143764
1 0.796952 0.963655 0.093503 0.072431
3 0.714456 0.771836 0.081490 0.159449
1 0.974645 0.304336 0.050388 0.191116
3 0.957591 0.589167 0.083578 0.160824
1 0.020120 0.891100 0.039729 0.169597
3 0.185073 0.737803 0.077182 0.146356
1 0.315237 0.038292 0.078307 0.076389
1 0.497883 0.953544 0.072063 0.091662
1 0.846815 0.251188 0.089099 0.170218
1 0.879197 0.053368 0.078898 0.105236
1 0.066555 0.941757 0.086661 0.115838
1 0.196322 0.041611 0.070977 0.082583
1 0.419397 0.047194 0.080961 0.092824
1 0.083186 0.049525 0.077727 0.098218
1 0.712483 0.389252 0.079310 0.156042
1 0.497215 0.108102 0.070992 0.164796
1 0.769813 0.330398 0.087250 0.147139
1 0.905556 0.893725 0.077539 0.152208
1 0.561859 0.151581 0.080885 0.139273
1 0.384595 0.589301 0.084299 0.145611
1 0.826523 0.119970 0.086083 0.134708
1 0.913694 0.306211 0.081393 0.165042
1 0.029947 0.581481 0.059893 0.160009
1 0.578400 0.278924 0.079138 0.133394
1 0.399829 0.354701 0.079659 0.140671
1 0.305137 0.909722 0.085461 0.139796
1 0.087546 0.378588 0.084779 0.172704
1 0.158552 0.873579 0.096854 0.152481
1 0.559771 0.536979 0.082536 0.127023
1 0.852845 0.692345 0.073471 0.153301
1 0.894715 0.528699 0.087529 0.141528
1 0.657086 0.288664 0.082469 0.138329
1 0.037421 0.105523 0.074841 0.148750
1 0.716057 0.602769 0.076818 0.156417
1 0.791392 0.784139 0.077143 0.150343
1 0.851743 0.395315 0.079669 0.135074
1 0.435770 0.157493 0.074539 0.127282
1 0.918499 0.736875 0.079112 0.136213
1 0.599368 0.660660 0.082206 0.153931
1 0.486040 0.252218 0.076560 0.119954
1 0.607557 0.408810 0.085547 0.145917
1 0.171014 0.186241 0.072096 0.135833
1 0.793530 0.611074 0.079768 0.138917
1 0.733174 0.190738 0.087510 0.161912
1 0.129868 0.482606 0.076122 0.143296
1 0.376676 0.245051 0.082904 0.145250
1 0.655525 0.146044 0.078310 0.136097
1 0.316674 0.337509 0.074844 0.131213
1 0.461973 0.781694 0.067529 0.131343
1 0.110180 0.689954 0.082104 0.171528
1 0.248516 0.114581 0.078526 0.155736
1 0.420711 0.690132 0.085396 0.145273
1 0.660202 0.512875 0.093508 0.155981
1 0.463776 0.562442 0.085313 0.148560
1 0.801522 0.478192 0.078388 0.124477
1 0.215667 0.317627 0.080437 0.143421
1 0.368969 0.833653 0.080578 0.152556
1 0.274707 0.446743 0.078299 0.143579
1 0.232652 0.593970 0.084440 0.141431
1 0.266758 0.739389 0.079906 0.131426
1 0.096629 0.219757 0.082576 0.150560
1 0.533217 0.743391 0.080529 0.135208
1 0.203271 0.468711 0.077635 0.139060
1 0.528406 0.413317 0.076661 0.160282
1 0.585523 0.865363 0.083021 0.145986
1 0.297930 0.210977 0.079146 0.128731
