1 0.490974 0.425854 0.091219 0.127162
1 0.784884 0.983968 0.084409 0.030204
1 0.993930 0.188866 0.012042 0.141046
3 0.277487 0.084794 0.082464 0.134245
1 0.304237 0.976046 0.078677 0.045843
3 0.022495 0.213507 0.044990 0.168069
2 0.309751 0.749100 0.037716 0.065486
2 0.729401 0.080347 0.040042 0.063361
3 0.562211 0.522444 0.065740 0.113306
1 0.014219 0.938250 0.028229 0.120111
3 0.673173 0.923102 0.099164 0.131435
1 0.053267 0.971940 0.080310 0.054981
1 0.317608 0.015852 0.083674 0.031593
1 0.496355 0.965007 0.079117 0.069440
3 0.834085 0.914301 0.086674 0.144481
3 0.062461 0.717301 0.086917 0.134657
1 0.979447 0.522829 0.041107 0.131713
3 0.124184 0.636238 0.085867 0.137995
1 0.776038 0.033028 0.083742 0.066056
1 0.981673 0.323347 0.036654 0.136444
3 0.545281 0.837762 0.091266 0.146588
1 0.710026 0.964951 0.087010 0.069921
1 0.751240 0.138741 0.085031 0.130130
1 0.599951 0.031780 0.091396 0.063560
1 0.448199 0.908139 0.082404 0.136778
1 0.360964 0.947560 0.074547 0.103676
1 0.570615 0.939292 0.089521 0.121417
1 0.185108 0.942567 0.085576 0.113856
1 0.307747 0.880569 0.082297 0.134954
1 0.979926 0.828479 0.039612 0.153171
1 0.064654 0.191019 0.068958 0.185398
1 0.947742 0.065095 0.097266 0.129394
1 0.635154 0.713299 0.098823 0.116995
1 0.740819 0.270421 0.087924 0.159306
1 0.791342 0.205769 0.068862 0.150722
1 0.063928 0.050211 0.082310 0.099375
1 0.661160 0.816257 0.091893 0.123495
1 0.180763 0.304681 0.076297 0.141861
1 0.324632 0.213681 0.079940 0.138093
1 0.730884 0.676113 0.080289 0.130995
1 0.175396 0.563185 0.075318 0.130231
1 0.288121 0.661025 0.095378 0.136171
1 0.185676 0.748692 0.088076 0.135458
1 0.494699 0.309854 0.092201 0.135375
1 0.287052 0.532968 0.084807 0.136185
1 0.420456 0.354248 0.066724 0.136736
1 0.367820 0.512317 0.076203 0.141245
1 0.068678 0.873958 0.086555 0.142759
1 0.873801 0.553426 0.080310 0.136944
1 0.229828 0.483715 0.085089 0.143042
1 0.032310 0.359361 0.064620 0.129093
1 0.695671 0.569954 0.084982 0.148759
1 0.032052 0.600417 0.064104 0.132111
1 0.442962 0.513306 0.077544 0.140630
1 0.954815 0.424271 0.086219 0.130394
1 0.906069 0.801810 0.083815 0.141667
1 0.636650 0.101940 0.072701 0.116620
1 0.614348 0.422685 0.087690 0.145565
1 0.272217 0.376368 0.083742 0.138292
1 0.860029 0.201012 0.080214 0.139681
1 0.919053 0.306648 0.086742 0.126139
1 0.402617 0.639912 0.084323 0.139204
1 0.503374 0.098843 0.085872 0.148565
1 0.860400 0.691523 0.079555 0.136935
1 0.047585 0.472734 0.082836 0.136171
1 0.129211 0.443755 0.080521 0.146019
1 0.395486 0.825502 0.089951 0.142606
1 0.517358 0.619414 0.085029 0.142606
1 0.806484 0.434229 0.082505 0.159588
1 0.485548 0.736375 0.086586 0.133204
1 0.356599 0.373426 0.086844 0.152537
1 0.196801 0.073287 0.082326 0.146574
1 0.773392 0.783690 0.095174 0.147213
1 0.739948 0.484678 0.085010 0.133403
1 0.122824 0.142220 0.079878 0.142319
1 0.940160 0.656505 0.077596 0.144630
1 0.947651 0.195576 0.082578 0.140069
1 0.629270 0.588252 0.082185 0.150838
3 0.587680 0.209769 0.090073 0.140926
3 0.443217 0.217750 0.092070 0.131194
3 0.256993 0.252713 0.084523 0.126130
3 0.693099 0.314206 0.075094 0.156227
