1 0.992646 0.749109 0.014708 0.141505
1 0.251858 0.011315 0.072440 0.022630
1 0.007091 0.219752 0.014109 0.147634
1 0.007113 0.689755 0.014227 0.128380
3 0.531404 0.955162 0.084073 0.089009
1 0.020247 0.017625 0.040495 0.034722
1 0.988355 0.505468 0.023289 0.132398
1 0.386574 0.018002 0.088128 0.035347
1 0.626911 0.014972 0.090818 0.029815
1 0.807069 0.365333 0.077544 0.125426
3 0.225109 0.949287 0.084911 0.099574
1 0.028469 0.967646 0.056536 0.064356
3 0.589585 0.217194 0.073940 0.125657
1 0.640479 0.973472 0.086922 0.052657
1 0.562474 0.030562 0.062833 0.059551
1 0.890143 0.969039 0.085760 0.060986
3 0.876693 0.186799 0.081099 0.135338
3 0.592922 0.405100 0.084641 0.141329
3 0.316336 0.304937 0.083839 0.128440
1 0.019324 0.118275 0.038648 0.136032
3 0.870796 0.060669 0.080159 0.119986
3 0.675049 0.210194 0.077958 0.134593
3 0.760217 0.695641 0.081367 0.147319
1 0.963072 0.032333 0.073857 0.064167
3 0.621542 0.525623 0.078911 0.136995
1 0.313267 0.138738 0.099706 0.142301
1 0.309725 0.044574 0.073003 0.088889
1 0.160115 0.044766 0.089573 0.089532
1 0.488257 0.044900 0.084617 0.088634
1 0.027514 0.869019 0.055029 0.137667
1 0.880163 0.367995 0.087081 0.147250
1 0.239824 0.202157 0.076497 0.168593
1 0.726570 0.054039 0.085964 0.106968
1 0.971415 0.626963 0.057169 0.160833
1 0.826298 0.439278 0.071315 0.150750
1 0.804161 0.080234 0.071516 0.155986
1 0.106086 0.893437 0.088974 0.136338
1 0.074514 0.783979 0.069383 0.122856
1 0.635872 0.318750 0.081000 0.144370
1 0.163288 0.151269 0.101456 0.133537
1 0.062303 0.073762 0.082674 0.147153
1 0.782589 0.524176 0.077021 0.150796
1 0.051751 0.569509 0.076336 0.132343
1 0.637835 0.886412 0.094742 0.133491
1 0.973342 0.257963 0.053315 0.142824
1 0.175999 0.559854 0.077086 0.152069
1 0.612159 0.098220 0.081693 0.135236
1 0.917454 0.293787 0.074846 0.137537
1 0.744385 0.165472 0.086646 0.125963
1 0.451445 0.930606 0.084661 0.137889
1 0.848339 0.754481 0.090167 0.151343
1 0.971999 0.391352 0.055898 0.131694
1 0.131638 0.675162 0.079297 0.153167
1 0.376714 0.939164 0.081516 0.120634
1 0.521158 0.253405 0.090654 0.133264
1 0.025243 0.485063 0.050430 0.129597
1 0.913661 0.829016 0.081208 0.137699
1 0.689076 0.657495 0.089219 0.142370
1 0.185294 0.423951 0.091615 0.120347
1 0.497408 0.355701 0.098289 0.145190
1 0.559721 0.599016 0.075339 0.141042
1 0.792694 0.264273 0.090456 0.132019
1 0.080613 0.392331 0.091607 0.147718
1 0.926749 0.678521 0.080654 0.147079
1 0.778491 0.819174 0.070398 0.120764
1 0.041965 0.279398 0.083930 0.133176
1 0.238624 0.571505 0.080977 0.148815
1 0.821828 0.930829 0.083177 0.135407
1 0.974715 0.872396 0.050570 0.147356
1 0.825799 0.615812 0.087427 0.141829
1 0.524729 0.125123 0.091542 0.140903
1 0.723624 0.906639 0.088951 0.146824
3 0.321707 0.759822 0.089133 0.122282
3 0.098026 0.984106 0.072745 0.031787
1 0.298359 0.642481 0.080432 0.132833
1 0.356354 0.207407 0.075651 0.128343
1 0.533161 0.750019 0.093531 0.151593
1 0.303595 0.878502 0.091237 0.137394
1 0.700628 0.519025 0.088568 0.146847
1 0.893596 0.504762 0.082844 0.144838
1 0.389512 0.533356 0.085747 0.141852
1 0.312859 0.432558 0.074068 0.129468
1 0.212578 0.808248 0.079135 0.142106
1 0.703176 0.382250 0.085549 0.137824
1 0.636835 0.757322 0.089492 0.145431
1 0.404100 0.677421 0.077919 0.132935
1 0.486092 0.645315 0.085320 0.145056
1 0.429734 0.251222 0.087182 0.143935
1 0.396332 0.389361 0.095122 0.156917
1 0.495717 0.498495 0.089065 0.149130
1 0.192572 0.299356 0.081539 0.139426
1 0.421160 0.117150 0.083951 0.132032
