3 0.086465 0.449507 0.084789 0.136718
3 0.041992 0.972204 0.081719 0.052713
1 0.500977 0.985262 0.088604 0.027255
1 0.006852 0.840796 0.013703 0.143306
2 0.419844 0.927731 0.042313 0.066917
1 0.820685 0.340775 0.074708 0.123792
1 0.009784 0.207074 0.019526 0.163056
1 0.011380 0.627988 0.022760 0.166588
1 0.949697 0.678146 0.076273 0.130069
3 0.121982 0.049877 0.079094 0.097384
1 0.990027 0.208289 0.019945 0.138116
1 0.386564 0.977868 0.079518 0.043227
1 0.019151 0.496720 0.038214 0.118366
1 0.991625 0.068037 0.016750 0.136074
1 0.987891 0.723750 0.024188 0.146204
3 0.016124 0.398525 0.032247 0.134319
3 0.344225 0.118981 0.072081 0.123176
1 0.191176 0.015271 0.085221 0.030542
1 0.798177 0.310046 0.076516 0.148954
1 0.973849 0.563470 0.052057 0.149310
3 0.789604 0.650009 0.076563 0.136231
3 0.121115 0.219641 0.071781 0.151977
3 0.192801 0.231574 0.081128 0.149472
3 0.273957 0.729741 0.082117 0.135630
3 0.333895 0.806262 0.081638 0.165542
3 0.042254 0.707546 0.080867 0.145491
3 0.511242 0.857826 0.086062 0.141106
3 0.239513 0.870833 0.080740 0.151148
1 0.440151 0.031225 0.081661 0.061958
1 0.518014 0.034287 0.074430 0.068574
3 0.156115 0.588838 0.081052 0.142491
1 0.862237 0.026780 0.086661 0.052606
3 0.759053 0.760634 0.091982 0.138065
3 0.484499 0.551556 0.087362 0.132231
3 0.235539 0.343683 0.088370 0.149532
1 0.175332 0.957958 0.096664 0.083546
1 0.050001 0.224509 0.083951 0.156046
1 0.358260 0.040796 0.085911 0.081593
1 0.552587 0.735926 0.078544 0.174407
1 0.917405 0.512537 0.070133 0.168926
1 0.813263 0.488106 0.069307 0.165583
3 0.200336 0.094074 0.081312 0.130454
1 0.871633 0.468535 0.069880 0.167079
1 0.651897 0.046218 0.073424 0.090259
1 0.585962 0.024319 0.069617 0.048639
1 0.726431 0.945757 0.081279 0.107208
1 0.057236 0.325447 0.088742 0.136903
1 0.079983 0.104211 0.097898 0.138116
1 0.027458 0.045970 0.054917 0.090403
1 0.312551 0.952093 0.082018 0.094713
1 0.657882 0.575336 0.082133 0.171199
1 0.753848 0.058234 0.079846 0.114218
1 0.607184 0.650287 0.093430 0.141593
1 0.258813 0.063215 0.077453 0.126431
1 0.846180 0.935720 0.085458 0.128245
1 0.186651 0.793444 0.081839 0.151093
1 0.147055 0.860345 0.088776 0.142218
1 0.568161 0.938697 0.078510 0.121819
1 0.966167 0.908102 0.067667 0.142694
1 0.563275 0.094627 0.075924 0.131014
1 0.849598 0.599535 0.080424 0.115088
1 0.321169 0.569940 0.084255 0.165769
1 0.697651 0.133144 0.079130 0.134574
1 0.242111 0.480815 0.097409 0.135796
1 0.078354 0.570377 0.088370 0.127588
1 0.255189 0.610218 0.082669 0.119546
1 0.343027 0.247324 0.090190 0.143333
1 0.412889 0.122065 0.074836 0.142611
1 0.897383 0.166519 0.070682 0.133509
1 0.281878 0.204882 0.079094 0.140431
1 0.689578 0.721711 0.084995 0.140653
1 0.424092 0.290366 0.081732 0.153574
1 0.754905 0.423590 0.081805 0.140995
1 0.944448 0.074185 0.080224 0.143833
1 0.124013 0.723472 0.082109 0.147593
1 0.594112 0.202611 0.081531 0.136722
1 0.445527 0.444157 0.082966 0.155843
1 0.474780 0.693942 0.085539 0.154264
1 0.612779 0.772611 0.072448 0.128935
1 0.829336 0.188472 0.084755 0.159463
1 0.732995 0.565451 0.086234 0.154431
1 0.624971 0.316447 0.083688 0.140847
1 0.362393 0.396720 0.088802 0.158153
1 0.495083 0.234697 0.078901 0.147069
1 0.911845 0.317123 0.085195 0.135894
1 0.397576 0.579528 0.085740 0.157639
1 0.726361 0.253736 0.078451 0.142963
1 0.672391 0.417866 0.085500 0.139546
1 0.870634 0.724597 0.091914 0.150704
1 0.564855 0.481919 0.093445 0.141708
1 0.410526 0.804667 0.073797 0.130167
