1 0.966141 0.947315 0.067432 0.102667
1 0.988374 0.719806 0.022930 0.133389
1 0.528191 0.978579 0.081503 0.041611
1 0.193121 0.986102 0.084961 0.024954
3 0.031465 0.952785 0.062930 0.093625
1 0.031126 0.953208 0.062253 0.093380
1 0.990440 0.853120 0.019120 0.138213
1 0.016061 0.729118 0.032122 0.148532
1 0.354829 0.980164 0.082716 0.038227
3 0.658710 0.953581 0.069690 0.092838
1 0.786518 0.023289 0.107016 0.046023
1 0.018456 0.034042 0.036813 0.068083
3 0.598181 0.589187 0.079039 0.139569
1 0.897789 0.959243 0.084536 0.081514
1 0.619260 0.465567 0.079370 0.138412
1 0.025079 0.148451 0.050102 0.148264
1 0.506087 0.897150 0.083799 0.142366
1 0.496990 0.050988 0.082240 0.100523
1 0.086767 0.790766 0.081773 0.139616
1 0.549730 0.132444 0.070414 0.144074
1 0.401883 0.852713 0.085375 0.159546
1 0.768586 0.108025 0.078286 0.132366
1 0.194620 0.900440 0.083312 0.149287
1 0.025462 0.286183 0.050924 0.128681
1 0.284447 0.826377 0.077289 0.141606
1 0.732098 0.926859 0.079617 0.143838
1 0.904440 0.441729 0.080922 0.160144
1 0.111132 0.916431 0.083810 0.130389
1 0.105770 0.622704 0.075414 0.141935
1 0.963053 0.160562 0.073893 0.124847
1 0.319523 0.165058 0.077016 0.141644
1 0.161668 0.086706 0.076727 0.129829
1 0.824431 0.598201 0.076945 0.143569
1 0.635392 0.365012 0.087357 0.149940
1 0.166875 0.696322 0.084396 0.156829
1 0.256013 0.288375 0.081948 0.128657
1 0.765757 0.687014 0.079221 0.147852
1 0.226500 0.158750 0.084964 0.151250
1 0.655191 0.147597 0.088221 0.151796
1 0.406424 0.184086 0.086943 0.148995
1 0.719616 0.408780 0.085247 0.142069
1 0.968258 0.318616 0.063307 0.150796
1 0.087949 0.226046 0.087674 0.145093
1 0.096801 0.473266 0.077414 0.143514
1 0.710130 0.274785 0.077250 0.134653
1 0.169176 0.517687 0.079893 0.138542
1 0.529997 0.431331 0.091526 0.137486
1 0.885217 0.290535 0.082023 0.141986
1 0.828568 0.174863 0.083177 0.141023
1 0.241785 0.633875 0.084268 0.140407
2 0.805174 0.849326 0.037552 0.069551
1 0.546523 0.777625 0.094458 0.136574
3 0.412842 0.459278 0.078727 0.138444
3 0.485039 0.185384 0.070802 0.137657
3 0.896638 0.095600 0.085344 0.146755
3 0.550401 0.275333 0.084792 0.143843
3 0.799906 0.303380 0.077115 0.127769
3 0.431495 0.325030 0.089865 0.141171
3 0.687405 0.607377 0.083680 0.150949
3 0.226342 0.409859 0.084034 0.141292
3 0.754687 0.522053 0.078328 0.128856
1 0.382078 0.033461 0.088026 0.066921
1 0.802533 0.959164 0.078591 0.080773
1 0.928534 0.880863 0.079562 0.145338
1 0.224240 0.764227 0.085089 0.121463
1 0.283155 0.953352 0.082805 0.091815
1 0.448270 0.950715 0.074503 0.097301
1 0.046975 0.396549 0.085529 0.191236
1 0.583245 0.891891 0.077344 0.164875
1 0.336690 0.315289 0.083453 0.136440
1 0.090642 0.052442 0.087346 0.104144
1 0.392945 0.641711 0.086625 0.136968
1 0.924665 0.598035 0.077523 0.136514
