3 0.661664 0.278296 0.077089 0.136417
3 0.201815 0.107051 0.088953 0.124907
1 0.670707 0.978738 0.080961 0.040718
1 0.837815 0.910188 0.086792 0.114144
0 0.863406 0.964509 0.127635 0.070380
1 0.736538 0.969079 0.084716 0.060065
1 0.219357 0.028532 0.085979 0.054898
1 0.122098 0.969852 0.078148 0.060296
2 0.875247 0.170875 0.024823 0.042417
1 0.992348 0.240528 0.015201 0.140324
1 0.039145 0.014352 0.078289 0.028444
3 0.678023 0.743641 0.080104 0.150236
1 0.988816 0.376088 0.022305 0.132324
2 0.076835 0.891303 0.033107 0.053477
1 0.986124 0.110512 0.027654 0.137236
1 0.984289 0.856725 0.031422 0.136042
3 0.509211 0.138428 0.074698 0.132338
3 0.245875 0.451484 0.080474 0.139218
3 0.783387 0.285907 0.076591 0.135815
3 0.538064 0.716655 0.077596 0.159218
3 0.100120 0.536435 0.077755 0.149944
3 0.426855 0.765493 0.083930 0.143356
3 0.766418 0.802519 0.078784 0.146176
3 0.391315 0.280019 0.074479 0.140611
1 0.958874 0.963185 0.081055 0.072907
1 0.833228 0.824970 0.076711 0.138329
3 0.591014 0.209042 0.083268 0.156491
1 0.979277 0.510192 0.041445 0.138069
1 0.520826 0.036801 0.089755 0.072778
1 0.079766 0.953569 0.085797 0.091981
1 0.731180 0.913438 0.079115 0.138949
1 0.852095 0.035248 0.083461 0.070347
1 0.506628 0.949764 0.082823 0.099593
1 0.593454 0.954299 0.069268 0.090042
1 0.484103 0.695433 0.078107 0.138273
1 0.392941 0.935676 0.089164 0.128648
1 0.978052 0.655400 0.043896 0.144264
1 0.731117 0.053056 0.077807 0.105065
1 0.895809 0.865250 0.077299 0.140843
1 0.026158 0.878498 0.051971 0.149606
1 0.302758 0.052104 0.078031 0.102690
1 0.880786 0.715898 0.090859 0.148907
1 0.440796 0.901734 0.080086 0.134282
1 0.801430 0.417859 0.088214 0.163153
1 0.650865 0.409032 0.081422 0.135380
1 0.726714 0.351079 0.070599 0.116741
1 0.133302 0.869208 0.078417 0.130741
1 0.193835 0.803516 0.081263 0.138708
1 0.610852 0.059007 0.077245 0.117394
1 0.687081 0.148028 0.091052 0.170472
1 0.049354 0.330843 0.095073 0.162009
1 0.448152 0.201370 0.075070 0.155000
1 0.863423 0.589120 0.096310 0.146769
1 0.240424 0.574847 0.085927 0.116111
1 0.248276 0.304590 0.078068 0.157690
1 0.657211 0.888049 0.077432 0.140292
1 0.577171 0.844623 0.089326 0.151532
1 0.030771 0.717435 0.061542 0.148139
1 0.700372 0.512998 0.084083 0.173301
1 0.227712 0.919012 0.080076 0.143032
1 0.953048 0.770097 0.079211 0.138741
1 0.180357 0.230887 0.087635 0.143245
1 0.921021 0.077988 0.082323 0.133005
1 0.039305 0.588118 0.078557 0.136181
1 0.573533 0.414201 0.078747 0.148449
1 0.916383 0.323174 0.077203 0.129255
1 0.287336 0.208667 0.085458 0.139519
1 0.820810 0.165771 0.084042 0.144847
1 0.501224 0.456539 0.079531 0.141699
1 0.240220 0.702954 0.090169 0.147407
1 0.475340 0.575690 0.075487 0.127398
1 0.382598 0.121181 0.086456 0.141481
1 0.873578 0.456194 0.082323 0.136102
1 0.089586 0.758530 0.086813 0.142847
1 0.369353 0.525648 0.080513 0.152037
1 0.314193 0.624975 0.083609 0.161681
1 0.512053 0.276785 0.088357 0.145616
1 0.613288 0.665799 0.083477 0.132171
1 0.321875 0.388623 0.074234 0.132625
1 0.623230 0.537831 0.078638 0.128097
1 0.151302 0.388600 0.085260 0.143579
1 0.054790 0.091859 0.090898 0.153616
1 0.338159 0.840968 0.094229 0.149861
1 0.029116 0.438433 0.058232 0.131079
1 0.425064 0.394727 0.081445 0.116898
1 0.105284 0.265810 0.093479 0.165630
