1 0.466733 0.067500 0.082742 0.134741
1 0.274823 0.275456 0.081932 0.133949
1 0.558090 0.061917 0.078763 0.123833
1 0.511755 0.179704 0.084557 0.145120
1 0.414224 0.190641 0.078917 0.128708
1 0.477395 0.547076 0.088372 0.147968
1 0.189405 0.447155 0.069461 0.120338
1 0.452667 0.418711 0.086479 0.137866
1 0.658365 0.262551 0.081224 0.134574
3 0.300417 0.773889 0.076844 0.120333
1 0.992435 0.024359 0.015130 0.048718
3 0.233357 0.586507 0.077818 0.131477
1 0.189440 0.979704 0.082677 0.038250
1 0.975345 0.980394 0.048419 0.037037
1 0.008685 0.393745 0.017370 0.143833
1 0.993121 0.810613 0.013758 0.133366
1 0.071312 0.012669 0.082547 0.025134
3 0.630904 0.955234 0.084729 0.089458
3 0.118066 0.505278 0.081289 0.136528
3 0.936947 0.564937 0.080846 0.183773
1 0.010768 0.531206 0.021505 0.141014
3 0.982901 0.573676 0.034198 0.172463
3 0.921995 0.961968 0.075521 0.075250
1 0.985983 0.215438 0.028018 0.144606
3 0.134254 0.630470 0.086867 0.129968
1 0.378983 0.014954 0.093091 0.028296
2 0.198521 0.302273 0.032797 0.061306
1 0.017217 0.965039 0.033945 0.069884
3 0.872521 0.898037 0.090927 0.162046
1 0.019717 0.072451 0.039211 0.144903
1 0.070514 0.964694 0.081206 0.070352
3 0.703732 0.852641 0.081620 0.149014
3 0.110117 0.144574 0.086641 0.148620
3 0.779613 0.829222 0.087393 0.159713
3 0.849042 0.596880 0.085062 0.138611
1 0.628219 0.039514 0.073729 0.078037
1 0.505548 0.960331 0.082779 0.077523
1 0.156421 0.260903 0.077570 0.159463
1 0.856766 0.382315 0.093755 0.140361
1 0.145892 0.043900 0.085961 0.086245
1 0.299188 0.144352 0.080891 0.164574
1 0.803349 0.952213 0.072245 0.094491
1 0.441602 0.693028 0.081063 0.154361
1 0.205398 0.879875 0.079719 0.169074
1 0.619667 0.846810 0.084797 0.147296
1 0.907701 0.081384 0.088141 0.155648
1 0.183535 0.741887 0.085247 0.149366
1 0.608892 0.735910 0.093648 0.156894
1 0.690803 0.578588 0.076029 0.155583
1 0.093204 0.392833 0.087654 0.133417
1 0.953072 0.747600 0.076174 0.137560
1 0.964572 0.107597 0.070857 0.152843
1 0.875158 0.462734 0.081747 0.152329
1 0.724499 0.184345 0.084086 0.150495
1 0.037228 0.187681 0.074456 0.153269
1 0.380701 0.925414 0.081813 0.141032
1 0.120237 0.806076 0.086620 0.168356
1 0.842423 0.241574 0.080185 0.150046
1 0.536462 0.862435 0.087326 0.162074
1 0.829794 0.069100 0.089052 0.138199
1 0.057070 0.568787 0.084641 0.145250
1 0.602988 0.177113 0.073398 0.169977
1 0.916242 0.226521 0.077193 0.144801
1 0.772518 0.372345 0.091214 0.154634
1 0.616785 0.582826 0.082008 0.156606
1 0.541444 0.610572 0.074096 0.136958
1 0.207622 0.197514 0.079974 0.156574
1 0.032236 0.730387 0.064471 0.119458
1 0.367337 0.700025 0.074497 0.137616
1 0.861158 0.757975 0.088805 0.136736
1 0.411845 0.824532 0.085357 0.137667
1 0.272932 0.885234 0.075969 0.124477
1 0.379113 0.092019 0.096414 0.142639
1 0.287436 0.652938 0.079221 0.145931
1 0.429049 0.301986 0.092068 0.125630
1 0.750514 0.680354 0.092367 0.151069
1 0.546673 0.294206 0.087508 0.141708
1 0.603096 0.389405 0.083891 0.144477
3 0.102122 0.269674 0.073536 0.135014
3 0.259251 0.408815 0.082857 0.147056
