1 0.005098 0.685525 0.010195 0.165505
1 0.993328 0.154956 0.013344 0.166477
3 0.859154 0.035338 0.076125 0.070676
1 0.987708 0.636815 0.024583 0.140093
1 0.017078 0.967799 0.034156 0.063875
3 0.588319 0.065370 0.075758 0.128963
1 0.009704 0.321868 0.019305 0.147968
1 0.219262 0.977678 0.089680 0.043968
1 0.987685 0.917637 0.024344 0.154366
1 0.823174 0.973086 0.080740 0.052468
3 0.347232 0.391544 0.076125 0.131208
1 0.014249 0.176419 0.028284 0.148264
1 0.184978 0.014634 0.086367 0.029269
1 0.340714 0.016338 0.091656 0.032676
1 0.012621 0.868493 0.025242 0.134718
3 0.153121 0.489738 0.074914 0.147542
3 0.197005 0.607637 0.092990 0.124431
3 0.977007 0.346074 0.045987 0.136583
3 0.885792 0.926014 0.075891 0.138731
1 0.259723 0.023093 0.076810 0.046185
3 0.907243 0.488238 0.078081 0.137069
1 0.113878 0.969127 0.073312 0.060847
1 0.514128 0.116972 0.112828 0.146972
3 0.787195 0.882630 0.091156 0.124241
3 0.056365 0.253350 0.082766 0.154968
3 0.957396 0.736461 0.085208 0.140014
3 0.361720 0.261079 0.080164 0.131991
3 0.809012 0.652722 0.076055 0.138481
1 0.019046 0.053667 0.038091 0.107333
1 0.930309 0.046194 0.074195 0.091444
1 0.161861 0.208338 0.103049 0.156083
1 0.238122 0.860882 0.080812 0.184856
1 0.753417 0.959338 0.079099 0.080148
1 0.420988 0.067150 0.075393 0.134301
1 0.493868 0.056766 0.087362 0.111560
1 0.463762 0.963972 0.087836 0.071435
1 0.957307 0.189336 0.085385 0.151458
1 0.656400 0.048516 0.079721 0.096014
1 0.543039 0.957681 0.072318 0.083000
1 0.193440 0.736667 0.064615 0.141046
1 0.700395 0.641924 0.077383 0.170347
1 0.972168 0.069778 0.055383 0.134685
1 0.251579 0.690132 0.079143 0.156486
1 0.048764 0.938537 0.076581 0.121324
1 0.762013 0.571970 0.081724 0.147199
1 0.813568 0.788023 0.092286 0.130769
1 0.385190 0.140782 0.088125 0.161296
1 0.956931 0.875725 0.077596 0.151597
1 0.929702 0.317352 0.077878 0.172130
1 0.090719 0.542736 0.071646 0.169648
1 0.081664 0.058016 0.090906 0.114912
1 0.858813 0.335773 0.074568 0.177259
1 0.673086 0.880975 0.083865 0.187718
1 0.606020 0.924843 0.080419 0.149750
1 0.701783 0.504558 0.067492 0.113653
1 0.637020 0.669074 0.070169 0.158333
1 0.883118 0.740204 0.076128 0.160796
1 0.810185 0.075472 0.089839 0.147583
1 0.124352 0.729787 0.080385 0.166500
1 0.169155 0.912838 0.090685 0.163167
1 0.598983 0.477014 0.085716 0.136657
1 0.818467 0.205069 0.080586 0.125870
1 0.185339 0.357623 0.088250 0.142458
1 0.034339 0.626986 0.068677 0.151741
1 0.347174 0.926035 0.081198 0.147931
1 0.276361 0.421565 0.072326 0.130000
1 0.202863 0.108382 0.087815 0.154005
1 0.496374 0.232586 0.090456 0.138366
1 0.700979 0.309794 0.079734 0.178505
1 0.865160 0.590074 0.081492 0.142981
1 0.655141 0.403308 0.077547 0.146134
1 0.442861 0.333333 0.074154 0.145991
1 0.284888 0.282120 0.075995 0.128806
1 0.570652 0.654734 0.073148 0.150949
1 0.534758 0.346525 0.090276 0.128931
1 0.294273 0.824900 0.085536 0.149171
1 0.056484 0.796718 0.080885 0.139648
1 0.373120 0.642958 0.078328 0.152593
1 0.587237 0.791331 0.078911 0.129190
1 0.639930 0.163829 0.095870 0.143019
1 0.056566 0.409197 0.089909 0.147894
1 0.780062 0.326546 0.086156 0.144222
1 0.484233 0.805803 0.075789 0.144468
1 0.420266 0.883806 0.085151 0.159417
1 0.450203 0.663715 0.082130 0.143125
1 0.532724 0.541025 0.075188 0.130542
1 0.456866 0.514449 0.081701 0.155519
3 0.755435 0.441447 0.074391 0.140375
3 0.334740 0.556792 0.075375 0.146185
3 0.225574 0.488377 0.080544 0.136356
