1 0.485065 0.030745 0.083646 0.061306
1 0.100658 0.230002 0.079154 0.156736
1 0.886062 0.035861 0.087625 0.071454
1 0.077961 0.454815 0.104849 0.129583
1 0.088130 0.079049 0.074406 0.148542
1 0.029068 0.088102 0.058135 0.161472
1 0.346883 0.511597 0.096750 0.139361
1 0.213047 0.555141 0.086906 0.122347
1 0.703628 0.052537 0.074250 0.103648
1 0.358419 0.044563 0.079922 0.088792
1 0.217620 0.674535 0.089734 0.142542
1 0.862160 0.199979 0.079174 0.159023
1 0.082954 0.854301 0.077549 0.171935
1 0.367897 0.304993 0.089409 0.130171
1 0.289622 0.776231 0.077115 0.144259
1 0.125569 0.804225 0.085117 0.142931
1 0.047576 0.227660 0.095151 0.141356
1 0.160199 0.924056 0.087185 0.148657
1 0.369889 0.397741 0.083784 0.136380
1 0.873036 0.938588 0.085849 0.121722
1 0.374158 0.579639 0.092737 0.128556
1 0.866540 0.710877 0.091096 0.153644
1 0.548202 0.133831 0.077727 0.154838
1 0.455477 0.858984 0.081161 0.147403
1 0.628499 0.288838 0.069523 0.150676
1 0.354194 0.713086 0.083159 0.147718
1 0.878418 0.580021 0.095846 0.137273
1 0.610296 0.910530 0.088180 0.144495
1 0.347388 0.851581 0.068370 0.135634
1 0.497840 0.227829 0.080581 0.146398
1 0.530083 0.875012 0.078437 0.137866
1 0.486634 0.704567 0.080190 0.159125
1 0.254264 0.116238 0.082060 0.140866
1 0.727736 0.871782 0.082190 0.129269
1 0.892108 0.315903 0.083336 0.155333
1 0.845507 0.457843 0.084055 0.149741
1 0.807449 0.121975 0.083388 0.125458
1 0.938785 0.130968 0.090695 0.146296
1 0.579849 0.546875 0.084151 0.162380
1 0.633842 0.067678 0.076544 0.135356
1 0.707898 0.441419 0.080188 0.136190
1 0.582294 0.715153 0.081083 0.150426
1 0.788594 0.249708 0.084500 0.142278
1 0.615979 0.448486 0.084802 0.143954
1 0.516655 0.442368 0.087221 0.154579
1 0.662980 0.747368 0.090690 0.157116
1 0.685999 0.190248 0.086430 0.150986
1 0.960316 0.553514 0.079049 0.128389
1 0.657931 0.559407 0.077857 0.125935
1 0.446685 0.424472 0.079432 0.149370
1 0.717134 0.313028 0.080737 0.133241
3 0.565104 0.285236 0.071833 0.133306
1 0.624152 0.724898 0.166055 0.144972
1 0.005145 0.351597 0.010289 0.137213
2 0.487396 0.077252 0.031000 0.041931
1 0.371186 0.984028 0.090122 0.028213
2 0.238141 0.744197 0.035672 0.055153
1 0.989790 0.770106 0.020419 0.142889
1 0.449056 0.977220 0.090440 0.045560
1 0.021409 0.940236 0.042818 0.119528
1 0.989392 0.454449 0.021216 0.161917
3 0.018302 0.544914 0.036604 0.138681
3 0.157900 0.128208 0.085716 0.136676
1 0.022311 0.693481 0.044237 0.126065
1 0.806740 0.966634 0.086047 0.065676
1 0.758661 0.025613 0.097510 0.050727
3 0.139686 0.645606 0.075560 0.148574
1 0.923650 0.455859 0.078461 0.102319
3 0.313750 0.208646 0.093339 0.151718
3 0.971643 0.294058 0.056469 0.141097
3 0.418411 0.212799 0.080583 0.149208
1 0.072210 0.645551 0.068268 0.185500
1 0.092737 0.564840 0.086729 0.136745
3 0.775747 0.390322 0.076938 0.133579
0 0.200836 0.308958 0.140245 0.247176
1 0.719095 0.968435 0.098102 0.062315
3 0.931241 0.873472 0.081013 0.144778
1 0.564540 0.037887 0.076310 0.075773
1 0.234664 0.960444 0.094750 0.078315
1 0.210908 0.038525 0.085227 0.076912
1 0.026342 0.822014 0.052685 0.151667
1 0.027835 0.363095 0.055612 0.157171
1 0.180043 0.459451 0.090133 0.122792
3 0.441934 0.108891 0.076706 0.139514
1 0.101661 0.368155 0.087792 0.156384
1 0.980729 0.057407 0.038542 0.114306
3 0.417750 0.768097 0.085146 0.153111
