1 0.004707 0.524174 0.009414 0.150208
1 0.941863 0.962065 0.101232 0.074944
1 0.961052 0.012269 0.077734 0.024537
1 0.165648 0.982204 0.083453 0.033889
3 0.207182 0.436671 0.085729 0.146315
1 0.856677 0.979775 0.086750 0.040134
3 0.202391 0.212130 0.080729 0.131963
1 0.823760 0.013271 0.085010 0.026542
1 0.713471 0.976495 0.097943 0.047009
3 0.474129 0.793005 0.074039 0.130454
1 0.987128 0.109512 0.025469 0.156597
1 0.019509 0.836657 0.038919 0.139815
3 0.173359 0.099975 0.072224 0.123718
1 0.179957 0.019377 0.089867 0.037903
3 0.897717 0.414794 0.071023 0.133940
1 0.421565 0.028808 0.086682 0.057227
3 0.638603 0.832079 0.077133 0.135352
3 0.564146 0.503947 0.085615 0.156727
3 0.457142 0.091995 0.077430 0.128528
1 0.210408 0.881875 0.090362 0.115778
3 0.926457 0.765546 0.084523 0.142870
1 0.118901 0.169153 0.093010 0.153759
3 0.469309 0.582817 0.081638 0.145644
1 0.490560 0.953870 0.079526 0.091250
1 0.724798 0.056910 0.084753 0.111681
1 0.873199 0.850947 0.078169 0.176579
3 0.033962 0.713449 0.067643 0.145528
1 0.151042 0.382278 0.084932 0.179907
1 0.621319 0.028238 0.084909 0.055653
1 0.076706 0.030111 0.077406 0.059648
1 0.258208 0.941025 0.076198 0.116236
1 0.543327 0.056938 0.086305 0.113162
1 0.426288 0.883257 0.093294 0.151218
1 0.632145 0.199794 0.075742 0.148745
1 0.065068 0.932127 0.086771 0.134986
1 0.605871 0.937910 0.084451 0.123866
1 0.965861 0.393102 0.068221 0.164907
1 0.558301 0.816521 0.094081 0.151597
1 0.027397 0.116759 0.054612 0.156778
1 0.835850 0.097211 0.075185 0.134671
1 0.837333 0.254810 0.078911 0.133806
1 0.711262 0.880086 0.079445 0.137634
1 0.650240 0.542382 0.080943 0.139477
1 0.209966 0.636405 0.078943 0.129681
1 0.485259 0.308542 0.082706 0.130657
1 0.257572 0.106444 0.081961 0.146139
1 0.809602 0.869238 0.070526 0.127505
1 0.603746 0.670546 0.086268 0.142167
1 0.391771 0.543632 0.081422 0.143264
1 0.527603 0.717060 0.074883 0.126454
1 0.711837 0.191465 0.083232 0.136995
1 0.197413 0.766421 0.077143 0.135139
1 0.770487 0.304549 0.067865 0.115292
1 0.136327 0.678331 0.081237 0.147875
1 0.101496 0.300132 0.079544 0.145681
1 0.878092 0.628463 0.072190 0.122278
1 0.518478 0.168458 0.078060 0.133370
1 0.785970 0.591391 0.079299 0.138792
1 0.100091 0.817410 0.086698 0.140014
1 0.032690 0.273685 0.065380 0.129870
1 0.325286 0.284396 0.085828 0.145384
1 0.353832 0.160090 0.085195 0.129986
1 0.832069 0.482278 0.083732 0.148722
1 0.654458 0.396803 0.082469 0.141227
1 0.565690 0.276465 0.086995 0.147069
1 0.954306 0.882491 0.089237 0.125602
1 0.478488 0.440491 0.089753 0.141046
1 0.739332 0.436613 0.080367 0.141773
1 0.109874 0.486801 0.073997 0.132111
1 0.040921 0.580877 0.081680 0.140995
1 0.965048 0.602269 0.069904 0.151954
1 0.720913 0.703919 0.093023 0.137801
