1 0.930328 0.980602 0.085276 0.036815
3 0.842018 0.509856 0.091333 0.152537
1 0.473258 0.013755 0.100453 0.027056
2 0.162115 0.519370 0.043026 0.081213
1 0.882802 0.016843 0.080036 0.033685
1 0.014173 0.902931 0.028346 0.148843
3 0.687026 0.067160 0.079167 0.127208
3 0.513467 0.073523 0.078289 0.136259
3 0.489876 0.939481 0.073659 0.118296
3 0.823302 0.339463 0.082526 0.138954
3 0.158852 0.427850 0.087859 0.120134
3 0.861437 0.929794 0.075312 0.132523
3 0.305043 0.531725 0.084987 0.159486
3 0.425298 0.908380 0.082018 0.145852
3 0.180822 0.311410 0.074711 0.133190
3 0.118866 0.818424 0.073190 0.131718
1 0.623905 0.026847 0.079596 0.053278
3 0.876599 0.649231 0.089323 0.149620
1 0.039608 0.023039 0.079216 0.045764
3 0.284966 0.195144 0.080312 0.169019
1 0.402790 0.028634 0.084945 0.056944
3 0.228922 0.115565 0.078047 0.138741
1 0.058544 0.964435 0.090380 0.070593
3 0.527940 0.245831 0.085734 0.137347
3 0.409368 0.765914 0.083898 0.142569
1 0.376151 0.696528 0.103719 0.154148
1 0.854786 0.065975 0.058891 0.079384
1 0.983615 0.054963 0.032771 0.107259
1 0.145984 0.955773 0.086297 0.087676
1 0.283526 0.040199 0.074901 0.079546
1 0.323251 0.920972 0.086628 0.130593
1 0.183139 0.039373 0.078180 0.077486
1 0.743616 0.956711 0.068648 0.085792
1 0.567370 0.950153 0.088406 0.099537
1 0.977909 0.447183 0.044010 0.158977
1 0.102120 0.336354 0.078495 0.165403
1 0.928408 0.334030 0.082169 0.146625
1 0.201888 0.908373 0.074188 0.137023
1 0.023568 0.162377 0.047135 0.143921
1 0.773535 0.053174 0.068831 0.105569
1 0.372604 0.579627 0.081594 0.146782
1 0.038121 0.328428 0.076242 0.150588
1 0.688228 0.926144 0.095513 0.143593
1 0.652298 0.567688 0.096544 0.160847
1 0.946888 0.896792 0.092651 0.128815
1 0.577661 0.132269 0.075031 0.154491
1 0.290302 0.826488 0.089885 0.152486
1 0.293465 0.664141 0.082466 0.142181
1 0.241095 0.475058 0.089190 0.152431
1 0.033714 0.617488 0.067427 0.155079
1 0.158289 0.171067 0.080214 0.150264
1 0.101141 0.696773 0.087573 0.131806
1 0.944832 0.229917 0.083602 0.133556
1 0.252708 0.331919 0.081937 0.142431
1 0.035342 0.764338 0.070518 0.139278
1 0.758724 0.567350 0.084042 0.155255
1 0.084165 0.096699 0.081576 0.143287
1 0.379285 0.131155 0.083852 0.153032
1 0.929600 0.087442 0.094940 0.159245
1 0.104234 0.560176 0.081797 0.146704
1 0.035796 0.467058 0.071591 0.134431
1 0.950643 0.608354 0.087427 0.146069
1 0.391682 0.287185 0.083016 0.142157
1 0.454443 0.168023 0.081948 0.140083
1 0.695993 0.702977 0.085237 0.144972
1 0.725760 0.800269 0.079911 0.128787
1 0.383288 0.431468 0.085701 0.145157
1 0.600898 0.822451 0.075797 0.146958
1 0.204616 0.619574 0.085487 0.145731
1 0.792622 0.847113 0.080010 0.147579
1 0.713595 0.188785 0.089956 0.144116
1 0.697505 0.492414 0.071563 0.120569
1 0.903719 0.790667 0.080057 0.146944
1 0.521169 0.750968 0.084036 0.150676
1 0.754229 0.382479 0.085698 0.155755
1 0.610064 0.670942 0.086826 0.144486
1 0.584055 0.359838 0.082609 0.144454
1 0.555288 0.493238 0.087987 0.141051
1 0.834935 0.207192 0.089505 0.137681
1 0.628441 0.230125 0.080320 0.140704
1 0.676781 0.358743 0.080490 0.154773
1 0.236607 0.765514 0.084891 0.147963
