3 0.789118 0.390444 0.081648 0.221944
3 0.270728 0.685713 0.078706 0.144444
0 0.405038 0.260676 0.173633 0.306093
1 0.019361 0.080400 0.038659 0.148088
1 0.216691 0.024294 0.079482 0.048588
1 0.528993 0.029389 0.066872 0.056398
3 0.636233 0.063796 0.064227 0.124824
1 0.131552 0.398373 0.100870 0.121968
1 0.468029 0.115641 0.077391 0.143569
1 0.463934 0.032475 0.080836 0.064949
3 0.774439 0.562637 0.083003 0.145569
3 0.693246 0.080509 0.075310 0.158157
3 0.366596 0.072269 0.086255 0.133861
1 0.245996 0.085644 0.099096 0.160611
1 0.042129 0.346449 0.069128 0.148056
1 0.269802 0.970407 0.083672 0.058852
3 0.095202 0.684604 0.070852 0.132977
1 0.667424 0.229690 0.095391 0.162667
1 0.189406 0.231505 0.091219 0.179204
1 0.499910 0.969553 0.073414 0.060458
1 0.575878 0.962586 0.084120 0.074829
3 0.190150 0.644558 0.083148 0.132940
1 0.488943 0.797539 0.077682 0.140449
1 0.073914 0.447609 0.089641 0.151255
1 0.582225 0.054375 0.062294 0.106528
1 0.738654 0.325303 0.096411 0.152940
1 0.236533 0.278150 0.071117 0.169644
1 0.828720 0.444764 0.080555 0.190611
1 0.545854 0.269875 0.069323 0.145426
1 0.399543 0.811572 0.068664 0.153116
1 0.442271 0.678113 0.075729 0.176319
1 0.087327 0.209912 0.082091 0.142583
1 0.223939 0.382315 0.095247 0.127074
1 0.036201 0.547014 0.072401 0.163750
1 0.495987 0.396083 0.077969 0.157278
1 0.590303 0.225882 0.071398 0.177894
1 0.525577 0.111928 0.085664 0.157931
1 0.551212 0.800421 0.068268 0.186519
1 0.367757 0.560287 0.064685 0.144519
1 0.429652 0.959975 0.083018 0.078884
1 0.470979 0.870782 0.086073 0.150139
1 0.712371 0.827120 0.099893 0.125500
1 0.022783 0.954021 0.045565 0.090875
1 0.341094 0.409306 0.092807 0.137861
1 0.149286 0.948523 0.086068 0.101787
1 0.561128 0.554109 0.078651 0.164745
1 0.933585 0.949868 0.071893 0.098255
1 0.114745 0.322907 0.083917 0.130250
1 0.028651 0.708025 0.057302 0.131125
1 0.154658 0.522569 0.078779 0.132593
1 0.705979 0.717259 0.092568 0.122963
1 0.815628 0.722572 0.092276 0.159736
1 0.727090 0.945162 0.089930 0.108648
1 0.213691 0.754273 0.080388 0.129093
1 0.321590 0.478025 0.082706 0.132977
1 0.966089 0.672042 0.067823 0.163546
1 0.858320 0.929032 0.094005 0.134639
1 0.959668 0.809366 0.080664 0.141722
1 0.493581 0.535882 0.082729 0.130208
1 0.195638 0.458183 0.082312 0.119356
1 0.860217 0.625498 0.089227 0.142866
1 0.597115 0.686648 0.090469 0.152157
1 0.873755 0.797338 0.089208 0.150389
1 0.297010 0.846535 0.090500 0.153847
1 0.422812 0.470914 0.081151 0.135671
1 0.760836 0.193563 0.092839 0.141319
1 0.258044 0.552718 0.084307 0.148139
1 0.749027 0.060771 0.079992 0.120273
1 0.029737 0.188396 0.059474 0.133440
2 0.342556 0.748553 0.095680 0.146884
1 0.505380 0.271190 0.058047 0.189704
1 0.301829 0.239708 0.089310 0.204602
1 0.665564 0.459118 0.130049 0.121421
0 0.941908 0.408104 0.116185 0.390245
1 0.645611 0.550968 0.086518 0.158426
3 0.410329 0.591178 0.065930 0.135014
1 0.755095 0.641134 0.096221 0.145361
3 0.282128 0.154028 0.070557 0.138815
1 0.009552 0.852738 0.019104 0.130736
3 0.018690 0.401049 0.036651 0.166792
1 0.109203 0.119799 0.109385 0.120181
1 0.352220 0.978111 0.074836 0.043685
3 0.502896 0.700722 0.069812 0.140269
3 0.698007 0.535773 0.077747 0.146278
1 0.116451 0.058961 0.126854 0.117921
