3 0.807374 0.832625 0.079909 0.140056
3 0.565855 0.494729 0.074862 0.147153
3 0.846604 0.688051 0.079125 0.148435
3 0.027682 0.643861 0.055115 0.171463
3 0.367191 0.556405 0.075518 0.144829
3 0.724018 0.624056 0.071818 0.141519
3 0.613398 0.697602 0.088802 0.133009
3 0.435092 0.494361 0.077898 0.143380
3 0.973867 0.751738 0.052266 0.160273
3 0.470236 0.136896 0.081591 0.143606
1 0.981078 0.547435 0.037844 0.140639
3 0.270389 0.604662 0.076680 0.132963
3 0.403699 0.380211 0.084539 0.145653
3 0.387271 0.753896 0.079750 0.144616
3 0.619083 0.568884 0.074198 0.136843
1 0.061385 0.035317 0.071193 0.070634
3 0.124345 0.353461 0.089227 0.155792
3 0.242845 0.388134 0.082706 0.157880
1 0.743079 0.289060 0.066883 0.114954
1 0.758862 0.084053 0.092318 0.135190
1 0.437095 0.928051 0.072815 0.138120
1 0.212560 0.938581 0.078844 0.121579
1 0.027590 0.310623 0.055180 0.138551
1 0.267827 0.893560 0.058372 0.103343
1 0.735788 0.958356 0.077529 0.082824
1 0.929323 0.960421 0.079901 0.078093
1 0.721552 0.767370 0.075969 0.140083
1 0.506654 0.450711 0.078229 0.163264
1 0.346905 0.662516 0.090383 0.128236
1 0.090081 0.086856 0.089891 0.150074
1 0.187029 0.575352 0.083740 0.167370
1 0.513728 0.884944 0.089070 0.143083
1 0.793603 0.361912 0.079362 0.164639
1 0.033628 0.880454 0.066943 0.166676
1 0.589992 0.051593 0.082766 0.103185
1 0.160757 0.843160 0.071951 0.128449
1 0.941771 0.844896 0.088328 0.158440
1 0.115132 0.942081 0.085669 0.114542
1 0.096240 0.626579 0.071052 0.166009
1 0.598311 0.937752 0.080940 0.124292
1 0.307178 0.027449 0.082336 0.054898
3 0.337082 0.923157 0.087701 0.127250
2 0.865802 0.465266 0.062781 0.107144
3 0.784604 0.033313 0.085062 0.063208
1 0.870568 0.011965 0.083500 0.023931
2 0.318602 0.162463 0.045130 0.070676
1 0.443016 0.012190 0.080609 0.024380
1 0.835922 0.406750 0.072068 0.130352
1 0.013171 0.031623 0.025758 0.063181
1 0.012225 0.131477 0.024279 0.142648
3 0.024725 0.440664 0.048888 0.133819
0 0.924061 0.323178 0.151878 0.295468
3 0.293250 0.268007 0.083604 0.142218
1 0.969658 0.148375 0.060174 0.141815
1 0.613618 0.830701 0.087018 0.114847
3 0.676678 0.497928 0.076773 0.147051
3 0.862465 0.924025 0.076685 0.145560
1 0.714263 0.388685 0.074635 0.127731
1 0.668559 0.915470 0.090268 0.169060
1 0.146802 0.165873 0.076583 0.151199
1 0.746997 0.186176 0.094276 0.133537
1 0.515262 0.289125 0.076518 0.152731
1 0.674639 0.064875 0.077128 0.129750
1 0.156674 0.716157 0.088255 0.129759
1 0.491182 0.585178 0.080427 0.137819
1 0.849220 0.096525 0.085044 0.128162
1 0.068012 0.502977 0.079971 0.154935
1 0.826060 0.228157 0.083786 0.147222
1 0.170939 0.462829 0.075940 0.147981
1 0.362316 0.069519 0.078820 0.129546
1 0.675992 0.305801 0.071687 0.142009
1 0.267598 0.104449 0.089643 0.132352
1 0.256151 0.756715 0.080693 0.129708
1 0.529029 0.700363 0.083693 0.153384
1 0.398276 0.228243 0.085802 0.152319
1 0.921385 0.669176 0.072406 0.144880
1 0.587703 0.352100 0.068182 0.122912
1 0.302645 0.464187 0.080232 0.148116
1 0.596488 0.199655 0.088018 0.140218
1 0.770617 0.493477 0.080307 0.138889
