1 0.038289 0.012815 0.075781 0.025148
3 0.833113 0.972206 0.081174 0.053468
1 0.008762 0.773979 0.017523 0.150440
1 0.975915 0.018850 0.048169 0.036931
3 0.244923 0.397035 0.069034 0.119431
1 0.757021 0.013123 0.079437 0.025579
3 0.016250 0.481884 0.032500 0.155065
3 0.256155 0.621718 0.089096 0.150861
1 0.120609 0.016153 0.080224 0.032306
1 0.753171 0.974394 0.087164 0.050889
1 0.549996 0.976488 0.096951 0.046634
1 0.984591 0.538701 0.030818 0.127949
1 0.983070 0.797616 0.033859 0.132194
3 0.318410 0.422343 0.077180 0.147259
3 0.131520 0.868440 0.079518 0.145287
3 0.144535 0.558630 0.085622 0.141769
3 0.709641 0.883819 0.079938 0.149944
1 0.879763 0.467058 0.076354 0.159431
1 0.977077 0.335896 0.045706 0.149106
1 0.824103 0.341486 0.080049 0.149333
1 0.391130 0.961836 0.087010 0.075468
1 0.980882 0.667347 0.038237 0.134037
1 0.229315 0.500396 0.069260 0.119699
1 0.073836 0.944132 0.087964 0.110227
1 0.302432 0.954919 0.082469 0.089773
1 0.304357 0.312938 0.078516 0.152088
1 0.972035 0.109528 0.055930 0.150898
1 0.824233 0.855785 0.081862 0.162190
1 0.199065 0.153405 0.080021 0.151495
1 0.200517 0.845859 0.080492 0.145727
1 0.609690 0.925366 0.085609 0.146389
1 0.793260 0.473637 0.088818 0.147394
1 0.928811 0.413611 0.067013 0.130759
1 0.536174 0.353984 0.088047 0.142977
1 0.078389 0.429363 0.079070 0.155792
1 0.509384 0.590762 0.079086 0.147745
1 0.620889 0.499632 0.080430 0.156523
1 0.153165 0.733109 0.079773 0.128653
1 0.764618 0.777141 0.073805 0.150162
1 0.360840 0.197016 0.084315 0.152736
1 0.975059 0.930653 0.049674 0.137343
1 0.354620 0.593653 0.085411 0.158296
1 0.746221 0.336475 0.079146 0.151690
1 0.085842 0.186227 0.090945 0.131241
1 0.956611 0.226637 0.083997 0.142403
1 0.121592 0.302051 0.085284 0.144472
1 0.538803 0.237454 0.085576 0.136028
1 0.155181 0.427373 0.081826 0.140005
1 0.897801 0.923863 0.086862 0.145588
1 0.420000 0.651035 0.084661 0.157986
1 0.801073 0.096556 0.082464 0.140333
1 0.538931 0.493546 0.089435 0.143694
1 0.582552 0.648333 0.087292 0.142704
1 0.389514 0.365093 0.082461 0.146898
1 0.642835 0.284505 0.081664 0.139880
1 0.796504 0.617713 0.087242 0.144167
1 0.688891 0.433819 0.098208 0.167231
1 0.364168 0.860882 0.079685 0.134523
1 0.686996 0.705329 0.082253 0.141898
1 0.590309 0.131009 0.083513 0.151157
1 0.739793 0.180634 0.081076 0.145324
1 0.875169 0.639495 0.075922 0.135213
1 0.696139 0.063194 0.094242 0.126389
1 0.476773 0.762326 0.083255 0.162014
1 0.480467 0.067039 0.093201 0.134042
3 0.195880 0.038387 0.084349 0.074940
