3 0.245120 0.151711 0.079052 0.126569
3 0.375182 0.746412 0.072005 0.126269
1 0.013031 0.317414 0.025938 0.165005
1 0.051905 0.014238 0.091695 0.027995
1 0.008095 0.128090 0.016190 0.141079
3 0.301561 0.759044 0.084148 0.137495
1 0.649169 0.967838 0.088906 0.062287
1 0.960191 0.967206 0.079357 0.064338
1 0.251725 0.032250 0.074461 0.063667
3 0.164072 0.746861 0.080685 0.140509
1 0.006112 0.502743 0.012224 0.143440
1 0.008480 0.030583 0.016961 0.059713
3 0.439767 0.531479 0.077961 0.148829
1 0.277142 0.983745 0.089206 0.031167
3 0.415014 0.117977 0.078065 0.133093
1 0.831121 0.962613 0.095253 0.074181
1 0.981780 0.108289 0.036409 0.130440
3 0.252760 0.464264 0.082380 0.145704
3 0.502941 0.428162 0.090185 0.144963
1 0.443167 0.964257 0.095984 0.071486
1 0.978069 0.276127 0.043638 0.160532
3 0.870586 0.636375 0.089438 0.137194
1 0.615777 0.032660 0.079836 0.064856
1 0.442764 0.036852 0.093836 0.073167
3 0.963647 0.462167 0.072659 0.134796
1 0.350642 0.955613 0.082143 0.087755
1 0.723940 0.056472 0.087474 0.112944
1 0.337082 0.870764 0.097820 0.125222
1 0.224240 0.927822 0.080422 0.141403
1 0.942367 0.568155 0.096677 0.121023
1 0.424978 0.238097 0.091810 0.127463
1 0.393234 0.603132 0.079755 0.176838
1 0.804684 0.047620 0.078117 0.094278
1 0.424538 0.360516 0.092753 0.137440
1 0.880452 0.057056 0.073164 0.112870
1 0.744240 0.941391 0.085521 0.116329
1 0.069689 0.927690 0.084534 0.141528
1 0.494953 0.287692 0.077552 0.132606
1 0.690017 0.589227 0.073060 0.128796
1 0.685363 0.387282 0.075206 0.155444
1 0.531215 0.184218 0.087424 0.153111
1 0.092602 0.709801 0.084078 0.146880
1 0.526711 0.940394 0.089844 0.119213
1 0.554072 0.732347 0.077471 0.151519
1 0.944840 0.335755 0.085461 0.138546
1 0.147561 0.912616 0.091273 0.165593
1 0.309678 0.354877 0.096372 0.130264
1 0.045242 0.803984 0.087552 0.145134
1 0.931792 0.178058 0.073646 0.142634
1 0.857655 0.172468 0.081148 0.128259
1 0.785152 0.641759 0.084909 0.163648
1 0.371685 0.439731 0.082078 0.156352
1 0.631771 0.712984 0.081036 0.152458
1 0.273801 0.609153 0.074966 0.144778
1 0.802917 0.847894 0.088854 0.132009
1 0.301132 0.230269 0.079591 0.130509
1 0.784917 0.219331 0.075021 0.148931
1 0.029421 0.604613 0.058826 0.143625
1 0.594094 0.119250 0.092500 0.140519
1 0.965753 0.688400 0.068495 0.140773
1 0.491312 0.841889 0.070005 0.117463
1 0.341868 0.651155 0.069768 0.119449
1 0.766695 0.380111 0.092583 0.137611
1 0.946229 0.829262 0.086755 0.156523
1 0.092479 0.568530 0.077568 0.145884
1 0.149740 0.429287 0.085005 0.134657
1 0.207495 0.283609 0.084750 0.136495
1 0.571055 0.599137 0.089188 0.138634
1 0.602725 0.350025 0.086711 0.133810
1 0.714086 0.173086 0.081953 0.139264
1 0.041885 0.424532 0.083438 0.151546
1 0.038613 0.223644 0.077049 0.147287
1 0.854872 0.429773 0.093401 0.152593
1 0.168687 0.567896 0.085292 0.150718
1 0.627785 0.485306 0.082148 0.134259
1 0.120792 0.151417 0.087937 0.142639
1 0.121204 0.295019 0.088393 0.144898
1 0.732534 0.741722 0.093000 0.143093
1 0.188027 0.058481 0.083419 0.116398
1 0.478737 0.716637 0.080120 0.141292
