1 0.921273 0.014287 0.096344 0.027620
0 0.540159 0.920069 0.168125 0.159861
1 0.317840 0.980748 0.087669 0.036551
1 0.649164 0.021979 0.091635 0.043440
3 0.426720 0.931421 0.072096 0.132565
1 0.717043 0.975241 0.083451 0.048991
3 0.605664 0.082213 0.078073 0.141250
3 0.662650 0.264461 0.087034 0.146755
3 0.825980 0.115815 0.078596 0.153611
1 0.292008 0.014676 0.087083 0.028694
1 0.160091 0.017150 0.081891 0.034144
3 0.809328 0.505576 0.080813 0.154736
3 0.495872 0.088146 0.080854 0.128032
1 0.053362 0.985539 0.082885 0.026495
1 0.135799 0.984718 0.091698 0.029102
1 0.754443 0.787815 0.068812 0.142889
3 0.130665 0.899933 0.079971 0.140106
3 0.924158 0.150734 0.078867 0.142968
1 0.986436 0.811324 0.026862 0.150741
1 0.218781 0.972630 0.081312 0.054111
1 0.834411 0.017937 0.086469 0.035338
3 0.354568 0.740023 0.081052 0.142056
1 0.846186 0.254535 0.075440 0.126060
1 0.526426 0.276400 0.096398 0.135181
1 0.976211 0.087613 0.047505 0.154319
1 0.019516 0.338021 0.039031 0.139810
1 0.899681 0.901579 0.077987 0.150750
1 0.345598 0.068444 0.087659 0.136519
1 0.816969 0.938993 0.097318 0.119866
1 0.949632 0.693083 0.072695 0.157148
1 0.527215 0.183819 0.090576 0.134352
1 0.031975 0.049882 0.063951 0.097551
1 0.167203 0.268306 0.082531 0.106352
1 0.723930 0.852086 0.073547 0.133653
1 0.816987 0.820623 0.083719 0.150208
1 0.300828 0.126637 0.073865 0.116005
1 0.742301 0.076539 0.085091 0.143051
1 0.915363 0.294796 0.085815 0.167991
1 0.210658 0.197903 0.083279 0.134713
1 0.707556 0.702889 0.076971 0.128370
1 0.167749 0.529944 0.076013 0.116500
1 0.046637 0.720243 0.079810 0.152310
1 0.033854 0.543396 0.067339 0.136162
1 0.751134 0.594644 0.091263 0.156417
1 0.882538 0.728889 0.077888 0.149519
1 0.972072 0.937340 0.055628 0.124282
1 0.743452 0.242095 0.080555 0.148532
1 0.394535 0.844799 0.084888 0.149542
1 0.632947 0.835218 0.078268 0.131287
1 0.222596 0.648644 0.079839 0.156880
1 0.083451 0.142975 0.083208 0.149606
1 0.780398 0.362826 0.081615 0.146134
1 0.939661 0.542426 0.089448 0.154833
1 0.075568 0.309745 0.079443 0.140944
1 0.589086 0.459812 0.086411 0.139940
1 0.879008 0.450338 0.085135 0.151222
1 0.044737 0.871824 0.088609 0.153926
1 0.138298 0.415586 0.087148 0.141884
1 0.153311 0.663296 0.080117 0.152019
1 0.477208 0.802931 0.080484 0.140157
1 0.239855 0.874660 0.088648 0.153042
1 0.548441 0.751326 0.079753 0.150208
1 0.318174 0.275602 0.082797 0.139157
1 0.350049 0.595148 0.091323 0.155407
1 0.501229 0.396507 0.084995 0.146264
1 0.294241 0.489509 0.085628 0.150870
1 0.179049 0.794458 0.088271 0.153676
1 0.412263 0.266435 0.087245 0.153296
1 0.419605 0.424694 0.087648 0.150019
1 0.632422 0.693919 0.077219 0.134801
1 0.228573 0.376414 0.084089 0.148773
1 0.329974 0.909817 0.097688 0.135690
3 0.286780 0.701544 0.071815 0.152088
3 0.179194 0.087391 0.073315 0.134375
0 0.433661 0.035569 0.149172 0.071139
