1 0.974072 0.472081 0.051857 0.145227
1 0.273328 0.958187 0.089828 0.083319
1 0.442971 0.923623 0.089578 0.148329
1 0.837613 0.163028 0.072435 0.162222
1 0.820257 0.866924 0.073112 0.156829
1 0.887874 0.837421 0.089419 0.149296
1 0.882108 0.950264 0.084716 0.098685
1 0.783708 0.091951 0.074385 0.127505
1 0.609794 0.951391 0.084948 0.095912
1 0.898293 0.217875 0.073315 0.154556
1 0.967052 0.937505 0.065880 0.114111
1 0.040699 0.943477 0.075987 0.112519
1 0.161983 0.046347 0.076211 0.090861
1 0.926049 0.058299 0.080745 0.115597
1 0.543781 0.908167 0.078198 0.143778
1 0.342940 0.294951 0.082505 0.148042
1 0.027461 0.650083 0.054922 0.140926
1 0.679436 0.810414 0.078826 0.153394
1 0.033405 0.806090 0.066753 0.169718
1 0.755865 0.174134 0.091573 0.141287
1 0.912092 0.732396 0.092758 0.155060
1 0.618301 0.755433 0.085862 0.162940
1 0.036895 0.144488 0.073789 0.148255
1 0.572453 0.665169 0.079583 0.148764
1 0.904012 0.367373 0.078237 0.144514
1 0.830970 0.318051 0.079576 0.154389
1 0.731897 0.902722 0.083273 0.143250
1 0.737211 0.294285 0.089073 0.134005
1 0.962171 0.195634 0.075659 0.151009
1 0.964876 0.574602 0.069815 0.119722
1 0.818592 0.633785 0.085372 0.140264
1 0.535083 0.332428 0.083901 0.135051
1 0.591654 0.268056 0.081219 0.139398
1 0.692216 0.520889 0.080891 0.130639
1 0.619030 0.584176 0.083133 0.158037
1 0.093647 0.073201 0.076435 0.138042
1 0.171234 0.692648 0.085620 0.143250
1 0.405017 0.452042 0.073669 0.147972
1 0.210056 0.813688 0.082763 0.147449
1 0.121572 0.916472 0.093424 0.158833
1 0.334678 0.464907 0.074143 0.148546
1 0.273548 0.069815 0.080904 0.139630
1 0.362286 0.123245 0.082281 0.137000
1 0.752618 0.722451 0.088831 0.153338
1 0.757503 0.433572 0.086385 0.149755
1 0.387504 0.716380 0.087378 0.139991
1 0.165943 0.415461 0.085240 0.130014
1 0.248100 0.562750 0.082424 0.133454
1 0.158624 0.553037 0.080898 0.146722
1 0.258915 0.705046 0.080727 0.141361
1 0.326928 0.606789 0.083299 0.142838
1 0.107728 0.321410 0.091174 0.159968
1 0.267853 0.411657 0.080914 0.144222
1 0.493047 0.118150 0.088120 0.154190
1 0.180999 0.214938 0.092628 0.159606
1 0.502188 0.705060 0.077151 0.128694
1 0.559512 0.497949 0.073451 0.128074
3 0.607542 0.041836 0.082995 0.082486
1 0.004853 0.080678 0.009435 0.153671
0 0.842487 0.035898 0.124146 0.071796
1 0.009710 0.538366 0.019419 0.147019
1 0.739400 0.018120 0.073003 0.035676
1 0.698568 0.980660 0.087453 0.037560
1 0.229557 0.014028 0.077714 0.027046
1 0.981396 0.029002 0.037208 0.057968
1 0.347010 0.974500 0.077099 0.050417
1 0.483770 0.969292 0.078805 0.061074
3 0.045665 0.489153 0.082299 0.147102
3 0.477941 0.423137 0.076341 0.134181
3 0.683578 0.063972 0.079745 0.125185
3 0.408642 0.832826 0.083294 0.133106
3 0.495151 0.829704 0.068995 0.127157
3 0.835404 0.496373 0.078198 0.138968
3 0.298781 0.852806 0.089401 0.152481
1 0.977651 0.800104 0.044521 0.147440
3 0.090337 0.653826 0.081513 0.142681
1 0.382281 0.028472 0.078146 0.056278
1 0.190367 0.980287 0.078328 0.037361
1 0.992775 0.662917 0.014451 0.148176
3 0.399563 0.585282 0.083281 0.136574
3 0.967779 0.331366 0.062453 0.135574
