3 0.336836 0.050072 0.083375 0.095245
2 0.685096 0.861028 0.026130 0.052278
1 0.432878 0.985650 0.088505 0.025023
1 0.020432 0.026759 0.040865 0.048213
3 0.805105 0.029972 0.078940 0.058481
1 0.993634 0.346792 0.012732 0.149630
1 0.993935 0.587220 0.011932 0.141764
1 0.194103 0.977023 0.084034 0.044361
1 0.561069 0.980148 0.078258 0.037111
2 0.872340 0.597968 0.037055 0.059398
1 0.011960 0.748046 0.023534 0.160593
1 0.035022 0.153755 0.069378 0.144194
3 0.368915 0.317495 0.081852 0.138944
1 0.904138 0.966213 0.078437 0.066704
3 0.468527 0.837095 0.098987 0.149551
3 0.243047 0.273137 0.078677 0.152042
3 0.536477 0.641164 0.075073 0.149181
1 0.982497 0.203674 0.035005 0.140755
1 0.055405 0.041093 0.076086 0.080898
1 0.526034 0.036586 0.068161 0.072449
1 0.023409 0.204336 0.046594 0.162681
1 0.306918 0.665347 0.073310 0.154130
1 0.621738 0.943669 0.078706 0.110921
1 0.916503 0.172794 0.092219 0.167514
1 0.600772 0.041072 0.080508 0.081032
1 0.857926 0.944058 0.078107 0.110940
1 0.682167 0.047970 0.080844 0.094690
1 0.138799 0.058157 0.084734 0.115380
1 0.925991 0.527338 0.083680 0.153713
1 0.712680 0.945590 0.086094 0.108255
1 0.804611 0.895500 0.075419 0.139694
1 0.225281 0.069056 0.088313 0.136491
1 0.262181 0.933486 0.092857 0.131750
1 0.196982 0.452623 0.085401 0.141569
1 0.354983 0.198544 0.090867 0.142366
1 0.768799 0.836549 0.082490 0.137727
1 0.708664 0.509525 0.070177 0.144134
1 0.836685 0.449132 0.086536 0.140569
1 0.095249 0.934965 0.075633 0.129245
1 0.249378 0.618924 0.075109 0.132801
1 0.964719 0.060803 0.070547 0.120690
1 0.859427 0.155833 0.075729 0.131769
1 0.529957 0.278502 0.088690 0.161579
1 0.302332 0.155102 0.076909 0.141787
1 0.099862 0.372074 0.081661 0.140519
1 0.961421 0.480630 0.077159 0.150463
1 0.114246 0.816067 0.080810 0.145375
1 0.380549 0.634875 0.079167 0.141870
1 0.807586 0.689310 0.084865 0.139750
1 0.026243 0.874880 0.052487 0.129074
1 0.145001 0.480981 0.084091 0.152556
1 0.644219 0.595421 0.093818 0.132769
1 0.865142 0.741769 0.090112 0.145870
1 0.381133 0.839444 0.076453 0.136620
1 0.194396 0.194650 0.088224 0.141690
1 0.267788 0.750639 0.089935 0.151102
1 0.098617 0.151111 0.076656 0.141315
1 0.741997 0.392285 0.089922 0.153042
1 0.465699 0.071025 0.079227 0.141449
1 0.609940 0.194639 0.079068 0.145019
1 0.362277 0.513630 0.087336 0.139602
1 0.171400 0.324949 0.073326 0.130028
1 0.533957 0.428583 0.093029 0.135481
1 0.780512 0.278046 0.094253 0.131898
1 0.926574 0.881718 0.078513 0.138556
1 0.626167 0.475590 0.094312 0.142273
1 0.601971 0.340245 0.082464 0.144648
1 0.779051 0.560525 0.083789 0.142551
1 0.447402 0.537796 0.087195 0.149935
1 0.709163 0.752442 0.085664 0.137227
1 0.979868 0.853856 0.039779 0.146657
1 0.779368 0.145787 0.084826 0.140278
1 0.932189 0.351759 0.084680 0.144472
