1 0.995437 0.510900 0.008875 0.137384
3 0.527983 0.387623 0.080622 0.140468
1 0.994147 0.645743 0.011674 0.144468
3 0.971850 0.045891 0.056299 0.090819
2 0.562314 0.121940 0.031346 0.051065
3 0.026616 0.148396 0.052174 0.133079
1 0.235783 0.014419 0.083560 0.028727
3 0.023355 0.946917 0.046711 0.103935
3 0.955105 0.466252 0.085096 0.150560
1 0.356428 0.022227 0.095117 0.044065
1 0.015599 0.705782 0.031198 0.131287
3 0.542980 0.803725 0.080326 0.132653
3 0.596728 0.267657 0.080206 0.131296
1 0.088940 0.027086 0.089203 0.053847
3 0.771969 0.544451 0.083266 0.130375
1 0.210422 0.964975 0.083271 0.069699
3 0.336001 0.679903 0.082857 0.136398
1 0.188888 0.875569 0.095255 0.114611
1 0.028031 0.048368 0.056063 0.095356
1 0.351991 0.948956 0.075633 0.100625
1 0.594962 0.050340 0.080398 0.098801
1 0.875768 0.946218 0.085891 0.106824
1 0.441871 0.056699 0.095227 0.112713
1 0.900113 0.057986 0.086107 0.115444
1 0.964254 0.290014 0.071279 0.142630
1 0.443928 0.930113 0.072820 0.139773
1 0.736529 0.073567 0.095411 0.143986
1 0.540492 0.198627 0.080609 0.130736
1 0.504970 0.902100 0.084388 0.140727
1 0.687797 0.947866 0.081589 0.103269
1 0.619454 0.622405 0.104018 0.146912
1 0.138840 0.540183 0.088852 0.120745
1 0.197895 0.077769 0.099076 0.121287
1 0.858452 0.235187 0.104773 0.146051
1 0.853211 0.420769 0.083339 0.152972
1 0.482383 0.693299 0.093026 0.136940
1 0.402826 0.798755 0.093828 0.141111
1 0.090711 0.936546 0.084068 0.125583
1 0.407716 0.661065 0.078255 0.153306
1 0.800876 0.358639 0.083440 0.138093
1 0.872113 0.540706 0.088591 0.133931
1 0.775009 0.151854 0.090586 0.137588
1 0.594534 0.928451 0.086510 0.139486
1 0.040462 0.251600 0.080846 0.120375
1 0.042952 0.376396 0.085904 0.145532
1 0.260697 0.723333 0.077341 0.151528
1 0.680094 0.803428 0.077943 0.154245
1 0.740777 0.303146 0.078701 0.144542
1 0.610122 0.746241 0.087260 0.136574
1 0.031365 0.826042 0.062714 0.145019
1 0.765220 0.904486 0.087336 0.151028
1 0.062600 0.603373 0.079023 0.139468
1 0.463219 0.302167 0.088370 0.126704
1 0.925676 0.668403 0.089357 0.145139
1 0.914526 0.842324 0.085500 0.144657
1 0.109443 0.429060 0.078911 0.144741
1 0.147230 0.660113 0.090117 0.134079
1 0.937977 0.161699 0.091437 0.143463
1 0.835479 0.745836 0.086495 0.153468
1 0.514667 0.520102 0.090417 0.150500
1 0.462326 0.169900 0.086510 0.146171
1 0.118883 0.194116 0.094854 0.138889
1 0.688474 0.215257 0.083432 0.146653
1 0.650590 0.373600 0.079883 0.137005
1 0.243436 0.571431 0.089758 0.153972
1 0.332077 0.456674 0.080242 0.148171
1 0.283329 0.329338 0.083982 0.148102
1 0.209536 0.260067 0.086453 0.152005
1 0.659292 0.515069 0.090818 0.144093
1 0.323768 0.098458 0.090708 0.130565
1 0.185572 0.767674 0.092352 0.127199
3 0.445561 0.580671 0.075596 0.133843
3 0.272406 0.915144 0.082135 0.123880
