3 0.117611 0.390275 0.087404 0.148792
1 0.587882 0.403926 0.093362 0.137231
1 0.866255 0.575600 0.075984 0.200903
3 0.777242 0.372356 0.088453 0.161343
1 0.407409 0.722225 0.083474 0.169671
1 0.898523 0.082803 0.082797 0.159736
1 0.669538 0.439315 0.075289 0.194102
1 0.312341 0.332199 0.111604 0.120398
1 0.473505 0.833877 0.095828 0.127782
1 0.440857 0.077845 0.069448 0.103681
1 0.744892 0.043537 0.088185 0.086963
1 0.502467 0.540458 0.078523 0.161102
1 0.441676 0.950002 0.085419 0.099394
1 0.780625 0.942600 0.088651 0.113356
1 0.368986 0.113072 0.089602 0.123218
1 0.361888 0.533556 0.084448 0.155639
1 0.045762 0.052725 0.089596 0.104403
1 0.312917 0.447058 0.099505 0.138597
1 0.778509 0.158569 0.090888 0.151972
1 0.692053 0.745664 0.088779 0.141551
1 0.799426 0.512412 0.076982 0.135056
1 0.329905 0.723139 0.084154 0.168352
1 0.620979 0.926565 0.081016 0.137833
1 0.916234 0.292905 0.091391 0.146273
1 0.216676 0.720236 0.080128 0.155509
1 0.150336 0.727322 0.087734 0.143412
1 0.027000 0.374623 0.054000 0.138421
1 0.582383 0.260157 0.072010 0.119491
1 0.353986 0.234403 0.097216 0.140630
1 0.740260 0.477935 0.067849 0.119620
1 0.373083 0.880766 0.094948 0.127366
1 0.464969 0.715093 0.085828 0.125806
1 0.832059 0.102016 0.073305 0.128755
1 0.792927 0.793461 0.091057 0.137912
1 0.288645 0.812000 0.087138 0.141130
1 0.234698 0.385810 0.080031 0.139444
1 0.935966 0.694708 0.098057 0.153398
1 0.959633 0.211968 0.080552 0.129685
1 0.929036 0.550991 0.085714 0.141806
1 0.059402 0.930007 0.088227 0.129486
1 0.061215 0.512681 0.091029 0.124259
1 0.070053 0.786201 0.086628 0.138755
1 0.816117 0.647058 0.084229 0.148495
1 0.880615 0.402799 0.086385 0.148912
1 0.432694 0.571072 0.083909 0.137338
1 0.567053 0.129926 0.085852 0.142444
1 0.606212 0.773924 0.094326 0.156227
1 0.669388 0.093046 0.084781 0.139731
1 0.724404 0.867363 0.085948 0.141560
1 0.412020 0.011262 0.078831 0.022523
1 0.513850 0.985009 0.100779 0.027296
1 0.981418 0.013826 0.036982 0.027653
1 0.124643 0.982419 0.099146 0.033662
3 0.931212 0.034201 0.078799 0.067560
1 0.993652 0.907051 0.012674 0.147556
1 0.010922 0.892940 0.021380 0.142398
1 0.162026 0.018627 0.095698 0.037051
2 0.214956 0.170618 0.050208 0.087727
1 0.917026 0.968396 0.079396 0.061894
1 0.344172 0.027620 0.103807 0.054537
1 0.982017 0.089764 0.035966 0.119074
1 0.982495 0.551303 0.035010 0.142532
3 0.539680 0.444701 0.077021 0.134394
3 0.192324 0.476780 0.096945 0.132597
3 0.079448 0.269310 0.086031 0.124685
3 0.160435 0.845812 0.077745 0.124051
3 0.579690 0.629694 0.083000 0.144009
3 0.732764 0.661301 0.075107 0.128204
3 0.120547 0.165984 0.091505 0.138968
1 0.516556 0.024646 0.083102 0.049292
