3 0.499313 0.255049 0.094214 0.147847
3 0.880155 0.560963 0.086753 0.143324
1 0.053099 0.881359 0.101099 0.134644
1 0.019299 0.221479 0.038599 0.139125
3 0.341486 0.114116 0.091216 0.148037
1 0.672284 0.930074 0.079234 0.139852
1 0.259214 0.940458 0.103026 0.117370
1 0.977009 0.911847 0.045758 0.116250
1 0.883329 0.954537 0.088549 0.090093
1 0.030702 0.382611 0.061404 0.141194
1 0.064346 0.281602 0.077776 0.150407
1 0.506710 0.817817 0.088836 0.110847
1 0.368193 0.935303 0.090781 0.128625
1 0.968743 0.250229 0.062513 0.171394
1 0.401902 0.061928 0.080419 0.123856
1 0.903982 0.871250 0.094526 0.129861
1 0.145647 0.067398 0.093419 0.134241
1 0.954742 0.791801 0.076354 0.143972
1 0.161509 0.897296 0.094857 0.136398
1 0.330885 0.837377 0.080250 0.121440
1 0.121536 0.323308 0.081323 0.149014
1 0.811366 0.085384 0.076732 0.170769
1 0.551814 0.172310 0.079174 0.175750
1 0.916107 0.378106 0.080568 0.157000
1 0.092536 0.152597 0.083854 0.131509
1 0.302568 0.721775 0.075589 0.136755
1 0.415404 0.809572 0.094776 0.132968
1 0.071900 0.701299 0.082289 0.150514
1 0.391134 0.661472 0.088701 0.119287
1 0.231579 0.270322 0.086815 0.157569
1 0.746691 0.130581 0.080398 0.168773
1 0.820139 0.653944 0.082586 0.145056
1 0.232410 0.546678 0.081451 0.133014
1 0.485305 0.531308 0.100474 0.145903
1 0.221777 0.818417 0.082841 0.132750
1 0.191702 0.374190 0.082352 0.143861
1 0.038072 0.555935 0.076143 0.141435
1 0.228823 0.683620 0.084760 0.139602
1 0.878376 0.128102 0.089971 0.159972
1 0.841345 0.425167 0.087539 0.128315
1 0.576883 0.753949 0.086802 0.146991
1 0.698505 0.228762 0.082313 0.124986
1 0.841271 0.272877 0.085141 0.154977
1 0.462553 0.117447 0.082872 0.136449
1 0.425038 0.399706 0.081138 0.140366
1 0.617385 0.236625 0.083854 0.157472
1 0.742589 0.383315 0.089755 0.146565
1 0.565661 0.381597 0.093990 0.162500
1 0.346551 0.467370 0.087310 0.123352
1 0.309760 0.250352 0.088552 0.135620
1 0.223258 0.035782 0.085490 0.070231
3 0.223350 0.035995 0.086357 0.071296
3 0.507992 0.971102 0.101094 0.056343
3 0.612932 0.921829 0.089854 0.154824
1 0.208587 0.969785 0.088904 0.059366
3 0.020392 0.820648 0.040701 0.136944
1 0.968158 0.017514 0.063685 0.034769
3 0.983125 0.703523 0.033750 0.125407
1 0.741444 0.978266 0.090049 0.043032
1 0.014046 0.092968 0.028091 0.118204
1 0.025665 0.968694 0.051164 0.061194
3 0.730035 0.816373 0.086398 0.159523
1 0.118771 0.969979 0.092958 0.060042
3 0.929564 0.647065 0.077951 0.174157
1 0.642225 0.026012 0.084826 0.051551
3 0.488467 0.689595 0.081753 0.133144
1 0.008208 0.017366 0.016417 0.034731
1 0.481667 0.023521 0.079917 0.046310
3 0.811177 0.825563 0.076443 0.154412
3 0.085859 0.442537 0.090917 0.150954
