1 0.013924 0.322407 0.027802 0.145509
1 0.009143 0.972394 0.018286 0.053361
1 0.660492 0.011428 0.082672 0.022856
1 0.994255 0.764120 0.011318 0.139880
1 0.992040 0.164509 0.015919 0.147213
1 0.990796 0.306583 0.018409 0.144500
1 0.992875 0.037345 0.014052 0.074542
1 0.011490 0.724231 0.022979 0.151037
2 0.428845 0.980690 0.040299 0.037352
1 0.988216 0.639111 0.023568 0.144861
1 0.193414 0.014160 0.077229 0.028310
3 0.154469 0.960516 0.074281 0.077292
1 0.016471 0.864532 0.032870 0.143870
1 0.278792 0.021312 0.091208 0.042218
1 0.536939 0.017273 0.083701 0.034491
3 0.636092 0.854428 0.082237 0.135440
1 0.140357 0.040201 0.062005 0.079486
1 0.340757 0.972160 0.075810 0.055060
3 0.068755 0.927963 0.083948 0.139019
3 0.035277 0.433852 0.070555 0.135519
3 0.095264 0.225553 0.076966 0.137088
3 0.142187 0.449368 0.082333 0.129495
3 0.098990 0.638785 0.072609 0.136884
1 0.015921 0.081356 0.031841 0.146583
3 0.401348 0.120440 0.080841 0.145000
3 0.160303 0.292778 0.082445 0.142491
3 0.440867 0.492157 0.081297 0.136444
1 0.694147 0.934657 0.084451 0.126463
1 0.260250 0.964414 0.074094 0.071171
3 0.696859 0.564565 0.083635 0.156843
1 0.613516 0.057273 0.076563 0.112852
1 0.892509 0.958130 0.087070 0.083639
1 0.973176 0.423185 0.053648 0.148454
1 0.975793 0.856926 0.048414 0.143176
1 0.940370 0.036444 0.092411 0.072250
1 0.033708 0.717935 0.066604 0.137722
1 0.168376 0.156206 0.092701 0.155477
1 0.303027 0.876106 0.067659 0.162602
1 0.790177 0.951116 0.084870 0.096796
1 0.191651 0.764382 0.084880 0.132171
1 0.602902 0.949162 0.086372 0.101667
1 0.507770 0.431914 0.090284 0.151097
1 0.573927 0.244250 0.087229 0.133259
1 0.262510 0.781687 0.076359 0.158458
1 0.224533 0.092002 0.084180 0.149569
1 0.322691 0.080803 0.088810 0.142282
1 0.372687 0.875414 0.081990 0.162181
1 0.616896 0.582238 0.087141 0.149829
1 0.569505 0.103852 0.093271 0.159981
1 0.742128 0.193905 0.079292 0.158097
1 0.138159 0.865183 0.073557 0.138745
1 0.639730 0.309593 0.084122 0.166491
1 0.154151 0.557507 0.090396 0.127903
1 0.218707 0.387481 0.083716 0.154954
1 0.717286 0.068160 0.084734 0.136319
1 0.917046 0.408458 0.082451 0.143843
1 0.082507 0.074870 0.079763 0.138981
1 0.651866 0.708838 0.098836 0.143204
1 0.378549 0.381535 0.097698 0.133755
1 0.498661 0.702405 0.077813 0.115190
1 0.201098 0.642340 0.088924 0.138329
1 0.305456 0.209197 0.091187 0.130356
1 0.388014 0.247014 0.080852 0.118148
1 0.599477 0.468824 0.076927 0.116454
1 0.556191 0.371211 0.069258 0.123060
1 0.433242 0.777093 0.074052 0.132130
1 0.725134 0.387046 0.086039 0.160463
1 0.494560 0.850051 0.087854 0.151009
1 0.825396 0.075428 0.088604 0.150856
1 0.958383 0.227403 0.082365 0.153000
1 0.095914 0.770160 0.074807 0.133523
1 0.813438 0.234718 0.086203 0.155009
1 0.354848 0.518280 0.076133 0.143116
1 0.482516 0.274014 0.080104 0.136120
1 0.890943 0.640907 0.078104 0.146296
1 0.958232 0.541012 0.083536 0.142319
1 0.846609 0.525880 0.081188 0.137454
1 0.358423 0.668030 0.078477 0.142042
1 0.809836 0.398630 0.089276 0.158704
1 0.266042 0.477421 0.082766 0.147583
1 0.892297 0.787933 0.094010 0.147356
1 0.792085 0.827248 0.089805 0.154727
1 0.821004 0.670370 0.077831 0.143167
1 0.036160 0.576759 0.071680 0.144861
1 0.446482 0.624130 0.082500 0.129731
