3 0.558924 0.225086 0.080224 0.122912
1 0.139174 0.680201 0.092797 0.164421
1 0.004363 0.449331 0.008706 0.142606
1 0.566156 0.981324 0.087938 0.035231
1 0.992202 0.667850 0.015565 0.146847
1 0.985595 0.777183 0.028794 0.133449
1 0.073294 0.979949 0.092177 0.038667
1 0.973221 0.975100 0.053557 0.047338
1 0.890937 0.851731 0.085052 0.158306
3 0.979939 0.897162 0.039883 0.130065
1 0.703047 0.701836 0.064260 0.187069
3 0.974780 0.048368 0.050440 0.094671
3 0.062077 0.079993 0.083643 0.139690
1 0.023546 0.788363 0.047091 0.155773
3 0.435216 0.745785 0.070620 0.150801
1 0.938018 0.475014 0.068146 0.194546
3 0.771598 0.438049 0.086289 0.140995
1 0.676496 0.595303 0.089055 0.117255
3 0.293887 0.605535 0.078862 0.153903
3 0.670613 0.186435 0.084784 0.139519
3 0.043048 0.564514 0.085331 0.141991
1 0.243682 0.171877 0.086099 0.166912
1 0.561587 0.020715 0.080383 0.040181
3 0.570379 0.589435 0.072549 0.135880
3 0.358253 0.768301 0.079349 0.145713
3 0.829720 0.858502 0.085914 0.133431
1 0.183581 0.083954 0.075125 0.152583
1 0.483952 0.031000 0.083357 0.061741
1 0.102340 0.742435 0.078352 0.150102
3 0.704816 0.951097 0.078216 0.095139
1 0.981464 0.322866 0.037073 0.141074
1 0.036294 0.206116 0.072589 0.149713
1 0.175928 0.928130 0.080341 0.141556
1 0.925357 0.094803 0.097224 0.168347
1 0.198414 0.257928 0.095859 0.145199
1 0.887379 0.527463 0.075419 0.164500
1 0.921837 0.645493 0.084909 0.173431
1 0.715543 0.789139 0.076180 0.131231
1 0.428492 0.085734 0.064750 0.171468
1 0.040047 0.466514 0.079943 0.137676
1 0.280888 0.090236 0.093000 0.162620
1 0.226704 0.851808 0.085482 0.129708
1 0.211581 0.620007 0.093724 0.144301
1 0.891576 0.387551 0.095432 0.129815
1 0.287040 0.898951 0.073315 0.162671
1 0.486819 0.249995 0.084268 0.132889
1 0.132658 0.126220 0.078253 0.161403
1 0.805628 0.947884 0.073349 0.102917
1 0.920630 0.954713 0.082823 0.088954
3 0.640542 0.500683 0.093839 0.129468
1 0.910408 0.280919 0.075685 0.129931
1 0.875789 0.143759 0.084057 0.145537
3 0.115404 0.434507 0.084573 0.154894
1 0.778928 0.055778 0.087086 0.111556
1 0.498423 0.127167 0.080320 0.138241
1 0.053272 0.334912 0.086846 0.123704
1 0.958279 0.749764 0.073589 0.169870
1 0.980876 0.466637 0.038247 0.148699
1 0.518212 0.494671 0.090362 0.134611
1 0.370962 0.633701 0.082883 0.146458
3 0.354893 0.918116 0.076443 0.149750
3 0.158585 0.551194 0.075878 0.128926
1 0.442669 0.913421 0.090073 0.152759
3 0.830725 0.249181 0.087586 0.133194
3 0.222305 0.732623 0.079521 0.133819
0 0.803076 0.679572 0.180958 0.296431
1 0.309444 0.028056 0.078924 0.055250
1 0.620385 0.851317 0.082464 0.150921
1 0.418064 0.336400 0.088013 0.142523
1 0.324327 0.445799 0.088810 0.141625
1 0.634307 0.339012 0.064849 0.121255
1 0.567482 0.347947 0.080698 0.152338
1 0.536655 0.856535 0.081279 0.143958
1 0.301249 0.320757 0.090716 0.145468
1 0.718594 0.330213 0.083703 0.142426
3 0.501977 0.376275 0.077229 0.124847
1 0.587191 0.104213 0.081664 0.137546
1 0.460185 0.549683 0.086453 0.132903
1 0.493245 0.713046 0.074823 0.141519
1 0.171163 0.349523 0.095206 0.147565
1 0.216612 0.479785 0.074906 0.153671
1 0.641230 0.671120 0.092372 0.142713
1 0.744439 0.150903 0.071924 0.140407
1 0.362893 0.084394 0.075401 0.164981
1 0.693753 0.432160 0.089677 0.156319
3 0.040023 0.691708 0.079135 0.128963
1 0.135698 0.837389 0.080115 0.132898
