1 0.005374 0.217023 0.010539 0.139667
3 0.359038 0.966637 0.088492 0.066727
1 0.009186 0.648824 0.018372 0.148454
1 0.957283 0.978579 0.085435 0.041815
1 0.259276 0.971912 0.086333 0.054472
1 0.434335 0.012370 0.089914 0.024741
1 0.014697 0.971394 0.029253 0.053991
1 0.300991 0.012481 0.083826 0.024963
1 0.172941 0.015836 0.087107 0.031431
1 0.989909 0.916914 0.020182 0.147069
1 0.016156 0.516988 0.032141 0.126977
1 0.115725 0.023995 0.073279 0.047861
1 0.022436 0.030449 0.044831 0.060463
1 0.677201 0.026579 0.086417 0.052704
3 0.655335 0.197028 0.074049 0.129639
3 0.054952 0.422868 0.090044 0.124273
1 0.688827 0.968609 0.088570 0.061745
3 0.050687 0.594625 0.083958 0.157130
3 0.285352 0.105743 0.081401 0.140977
1 0.984475 0.053153 0.030951 0.105157
3 0.439846 0.545255 0.077479 0.128426
3 0.415868 0.151410 0.083898 0.140625
3 0.961016 0.422676 0.077969 0.140231
3 0.205927 0.612336 0.091333 0.135208
3 0.953483 0.697387 0.082336 0.132199
1 0.927096 0.046569 0.085354 0.093019
3 0.244973 0.480176 0.093232 0.151963
1 0.830362 0.754956 0.061635 0.112458
1 0.118586 0.951831 0.088568 0.095153
1 0.407139 0.290083 0.093018 0.135731
1 0.369094 0.046190 0.077599 0.091111
1 0.195161 0.735220 0.087083 0.124245
1 0.184919 0.938019 0.074182 0.122046
1 0.349173 0.554910 0.089487 0.118958
1 0.520960 0.898389 0.077398 0.163694
1 0.055876 0.888676 0.094706 0.146444
1 0.925466 0.310917 0.087745 0.136722
1 0.261257 0.875579 0.081706 0.137944
1 0.606440 0.939850 0.080260 0.119356
1 0.431875 0.901468 0.079953 0.149352
1 0.970333 0.561049 0.059333 0.141681
1 0.727350 0.142458 0.077216 0.142176
1 0.862613 0.070729 0.096049 0.136134
1 0.803366 0.926400 0.098003 0.141884
1 0.381133 0.806590 0.083948 0.126949
1 0.374167 0.673002 0.093151 0.138218
1 0.271973 0.738484 0.083549 0.146616
1 0.580095 0.192981 0.083956 0.140806
1 0.768246 0.764194 0.077195 0.132769
1 0.649822 0.844375 0.081935 0.145620
1 0.038174 0.298757 0.076349 0.135597
1 0.847995 0.318225 0.080344 0.135764
1 0.037645 0.747475 0.075034 0.144588
1 0.431520 0.414870 0.077534 0.131870
1 0.813091 0.648449 0.083057 0.124361
1 0.297661 0.235801 0.086818 0.131444
1 0.831268 0.529875 0.099177 0.134296
1 0.769491 0.232942 0.075987 0.130819
1 0.629898 0.699347 0.081906 0.146685
1 0.726466 0.672947 0.075375 0.125153
1 0.191132 0.195148 0.087961 0.159324
1 0.609172 0.411153 0.079927 0.144176
1 0.497775 0.207275 0.072857 0.127755
1 0.845779 0.192613 0.086510 0.132106
1 0.677118 0.595039 0.077581 0.145644
1 0.165980 0.347903 0.081846 0.144824
1 0.250574 0.339803 0.085987 0.130236
1 0.488309 0.072088 0.083185 0.143315
1 0.953207 0.832655 0.092951 0.147699
1 0.886371 0.431648 0.074596 0.126306
1 0.350475 0.427400 0.085836 0.148282
1 0.609167 0.553491 0.083063 0.144796
1 0.528935 0.545708 0.080396 0.145657
1 0.772495 0.363764 0.079771 0.126102
3 0.960447 0.205456 0.078122 0.131134
1 0.619201 0.073940 0.092849 0.147880
1 0.506525 0.704215 0.092753 0.148829
1 0.680053 0.347405 0.083591 0.145671
1 0.121465 0.500493 0.083711 0.143764
1 0.714030 0.477282 0.079404 0.134074
1 0.117254 0.672958 0.078487 0.138565
1 0.550464 0.317350 0.083010 0.141273
