3 0.330188 0.206199 0.083125 0.116231
3 0.699432 0.171144 0.083792 0.125824
3 0.860434 0.499259 0.072487 0.151981
1 0.577462 0.054914 0.093232 0.108634
1 0.222944 0.369505 0.078482 0.120731
1 0.887451 0.364993 0.080396 0.149171
1 0.650178 0.752204 0.067487 0.140315
1 0.913504 0.139954 0.074612 0.145815
1 0.720621 0.769889 0.073612 0.143472
1 0.771337 0.668551 0.081107 0.136435
1 0.920695 0.610421 0.082177 0.142778
1 0.852352 0.683657 0.083542 0.147343
1 0.435492 0.467558 0.078833 0.148653
1 0.443832 0.204896 0.084523 0.129569
1 0.962896 0.787778 0.074208 0.154806
1 0.769927 0.471627 0.076979 0.127616
1 0.041868 0.775278 0.083737 0.152213
1 0.773026 0.118338 0.082865 0.143787
1 0.359318 0.439329 0.082693 0.151963
1 0.110382 0.583458 0.080294 0.139056
1 0.381564 0.718125 0.080305 0.141685
1 0.840703 0.156042 0.074786 0.133417
1 0.123314 0.715826 0.090352 0.133606
1 0.603336 0.425870 0.080672 0.150787
1 0.675641 0.514037 0.080578 0.136741
1 0.467102 0.659120 0.078370 0.133889
1 0.470042 0.332847 0.074042 0.138093
1 0.574844 0.651113 0.095568 0.148745
3 0.246151 0.968556 0.079188 0.060787
1 0.874323 0.983076 0.069625 0.031523
3 0.211439 0.788685 0.086372 0.139046
1 0.246130 0.968583 0.075458 0.061574
3 0.461770 0.954405 0.069508 0.089014
1 0.517246 0.940616 0.084607 0.116870
3 0.040814 0.529831 0.081628 0.154227
1 0.030233 0.012917 0.060466 0.025833
1 0.324329 0.982009 0.082305 0.035509
1 0.011618 0.058083 0.023154 0.108528
1 0.092230 0.972407 0.087461 0.054352
1 0.984954 0.424308 0.029805 0.130856
2 0.670303 0.902127 0.040003 0.067384
3 0.927247 0.469618 0.077474 0.127227
3 0.814148 0.874002 0.082667 0.114218
3 0.172056 0.942933 0.083091 0.111995
1 0.979424 0.624162 0.041062 0.168380
3 0.973518 0.169813 0.052771 0.130671
3 0.956035 0.929838 0.082831 0.134407
3 0.177500 0.526009 0.077146 0.167815
3 0.574945 0.794241 0.085089 0.142611
1 0.395217 0.966701 0.068982 0.065866
1 0.025792 0.661123 0.051375 0.131671
1 0.498457 0.057183 0.072456 0.114366
3 0.042202 0.262007 0.081336 0.123338
3 0.264884 0.107058 0.079622 0.131125
3 0.198583 0.250539 0.078521 0.133699
1 0.089790 0.028333 0.075951 0.055148
3 0.147815 0.833280 0.086953 0.127588
1 0.159391 0.031088 0.067964 0.060852
3 0.671832 0.366896 0.080555 0.130384
3 0.096572 0.423282 0.075826 0.127954
1 0.809763 0.965595 0.081313 0.068810
1 0.024566 0.922792 0.049133 0.147769
1 0.601020 0.931530 0.096263 0.125940
1 0.437915 0.048769 0.075018 0.097537
1 0.849298 0.039486 0.089206 0.077750
1 0.973589 0.303678 0.052797 0.147856
1 0.959042 0.053079 0.081917 0.105287
1 0.514880 0.809833 0.075708 0.154741
1 0.329171 0.895451 0.087169 0.130681
1 0.783617 0.348167 0.103474 0.137824
1 0.724070 0.045009 0.076844 0.088269
1 0.241078 0.687954 0.098161 0.138630
1 0.723935 0.941354 0.077833 0.115986
1 0.330199 0.319234 0.077279 0.135616
1 0.801329 0.780620 0.084253 0.113907
1 0.222753 0.061787 0.077776 0.123574
1 0.024622 0.154201 0.049052 0.122088
1 0.758661 0.245426 0.086839 0.126611
1 0.160049 0.136993 0.084875 0.136431
1 0.497441 0.532775 0.088242 0.151199
1 0.448440 0.800653 0.076625 0.161620
1 0.608561 0.165667 0.088133 0.141231
1 0.266857 0.315815 0.069344 0.137000
1 0.035411 0.378356 0.070625 0.141222
1 0.356137 0.054396 0.084122 0.108282
1 0.594307 0.287551 0.068229 0.124519
1 0.396031 0.288025 0.078682 0.155634
1 0.539396 0.199947 0.073219 0.164505
1 0.387320 0.860697 0.086307 0.146421
3 0.270292 0.460238 0.075198 0.140736
1 0.263411 0.594181 0.092109 0.128519
1 0.533486 0.464993 0.073148 0.144931
1 0.663001 0.247745 0.091555 0.141880
1 0.400259 0.584877 0.088352 0.136884
1 0.816464 0.574694 0.077818 0.144259
1 0.152493 0.345262 0.083706 0.148838
