3 0.215396 0.118382 0.085161 0.156829
1 0.004505 0.323046 0.009010 0.145065
1 0.988803 0.365803 0.022393 0.143968
3 0.143997 0.120220 0.073000 0.143995
1 0.009512 0.453484 0.019023 0.136282
1 0.981204 0.145676 0.037581 0.119852
3 0.457587 0.250398 0.081737 0.145898
1 0.215568 0.980706 0.096953 0.036403
3 0.125658 0.595495 0.081826 0.122731
3 0.974303 0.264023 0.051393 0.139667
2 0.305983 0.284285 0.041216 0.074468
1 0.480473 0.026468 0.067596 0.052713
3 0.261927 0.760428 0.088578 0.126171
1 0.927772 0.973634 0.094711 0.051944
1 0.171816 0.027507 0.084758 0.054384
1 0.021853 0.664266 0.043706 0.140792
3 0.611865 0.749269 0.086542 0.131648
1 0.062303 0.039836 0.085164 0.078403
1 0.363016 0.065167 0.076552 0.129222
1 0.513822 0.069620 0.074685 0.137028
1 0.795681 0.298625 0.081659 0.141685
1 0.040780 0.952961 0.081560 0.092347
1 0.831702 0.771292 0.118357 0.126454
1 0.296087 0.947282 0.086211 0.102963
1 0.543542 0.288449 0.092880 0.149463
1 0.929129 0.088995 0.083628 0.161963
1 0.732040 0.053664 0.091430 0.106653
1 0.377880 0.517806 0.067854 0.120880
1 0.038290 0.273627 0.076581 0.162653
1 0.393020 0.340104 0.074388 0.121023
1 0.624719 0.927435 0.082031 0.142139
1 0.945941 0.540986 0.081039 0.161361
1 0.040419 0.756449 0.080437 0.143861
1 0.877970 0.890662 0.096419 0.159991
1 0.853474 0.335007 0.092172 0.150560
1 0.696569 0.778472 0.085331 0.155222
1 0.217331 0.667150 0.100229 0.142042
1 0.494339 0.584229 0.096672 0.124551
1 0.969034 0.702565 0.061932 0.147111
1 0.812161 0.469889 0.081000 0.144833
1 0.808271 0.076981 0.097292 0.150037
1 0.720066 0.150891 0.086810 0.140819
1 0.123496 0.797509 0.095549 0.133222
1 0.199081 0.437602 0.072047 0.139500
1 0.735828 0.390067 0.080604 0.168319
1 0.073370 0.148069 0.091781 0.150778
1 0.553185 0.150891 0.087026 0.131273
1 0.895130 0.664252 0.085896 0.136227
1 0.039431 0.537898 0.078862 0.142120
1 0.694737 0.567273 0.085672 0.136444
1 0.313776 0.850285 0.083510 0.126162
1 0.883496 0.469405 0.075727 0.130551
1 0.781628 0.588375 0.093656 0.143157
1 0.597332 0.356641 0.080352 0.147505
1 0.107736 0.296109 0.078914 0.150088
1 0.125883 0.470243 0.090073 0.144042
1 0.344038 0.174130 0.094638 0.136824
1 0.447474 0.419539 0.079630 0.137551
1 0.533835 0.725664 0.072201 0.149755
1 0.484885 0.836176 0.086229 0.159130
1 0.659607 0.446447 0.090755 0.139282
1 0.533171 0.494734 0.076362 0.127995
1 0.664443 0.251387 0.085594 0.149514
1 0.392204 0.905664 0.080799 0.132755
1 0.285974 0.606940 0.080031 0.128639
1 0.391826 0.698595 0.081563 0.153856
1 0.429854 0.087683 0.083974 0.142319
3 0.824299 0.212030 0.085599 0.125866
3 0.309786 0.490914 0.076875 0.129792
