1 0.247409 0.986924 0.084245 0.023810
1 0.319505 0.986468 0.081078 0.023500
1 0.296799 0.011488 0.076885 0.022977
3 0.516618 0.262525 0.078180 0.142708
1 0.214021 0.012891 0.089667 0.025227
1 0.991191 0.709863 0.017518 0.149106
1 0.007663 0.695440 0.015326 0.185046
2 0.442590 0.698625 0.090247 0.159028
1 0.985290 0.150310 0.029372 0.145991
1 0.976491 0.972315 0.046810 0.054657
1 0.142462 0.983549 0.086508 0.031560
3 0.130112 0.316424 0.074776 0.192079
1 0.578513 0.978194 0.093495 0.043611
1 0.980686 0.573720 0.038242 0.167782
3 0.305036 0.702412 0.069630 0.191639
3 0.674716 0.931525 0.075750 0.133023
3 0.957934 0.904102 0.082289 0.155676
3 0.824613 0.626035 0.074346 0.147292
3 0.768671 0.380889 0.074091 0.162991
3 0.526596 0.717012 0.077292 0.133218
3 0.171210 0.616366 0.078107 0.168926
1 0.018910 0.901382 0.037711 0.155810
3 0.865392 0.924063 0.076315 0.148116
3 0.046690 0.652266 0.072682 0.155847
3 0.472193 0.448588 0.077422 0.142426
3 0.922576 0.342215 0.080505 0.126921
3 0.463934 0.069340 0.077664 0.136745
1 0.128092 0.045630 0.076529 0.091111
3 0.895836 0.589623 0.077531 0.150995
1 0.752786 0.947167 0.080036 0.104796
1 0.043271 0.107843 0.071750 0.170963
1 0.460878 0.325463 0.097510 0.132130
1 0.374867 0.781053 0.089266 0.151366
1 0.807340 0.057863 0.072513 0.113875
1 0.202286 0.891067 0.083969 0.177671
1 0.610333 0.049525 0.084193 0.096958
1 0.367340 0.626546 0.080779 0.152287
1 0.813081 0.484016 0.071557 0.157079
1 0.510454 0.818634 0.080987 0.149046
1 0.429083 0.557181 0.084214 0.142111
1 0.799658 0.192435 0.078518 0.151704
1 0.039914 0.375630 0.075464 0.162417
1 0.089875 0.209803 0.085927 0.157088
1 0.266868 0.161606 0.075055 0.173815
1 0.673134 0.340419 0.086221 0.139699
1 0.695305 0.462167 0.084823 0.149046
1 0.413068 0.916282 0.086000 0.143278
1 0.514221 0.540208 0.080958 0.149231
1 0.930371 0.465704 0.087831 0.142963
1 0.598628 0.327322 0.080281 0.151273
1 0.299039 0.298991 0.084714 0.167157
1 0.576332 0.887461 0.079602 0.136208
1 0.361661 0.123021 0.082823 0.155023
1 0.755193 0.561757 0.077380 0.143819
1 0.673727 0.593838 0.075573 0.123167
1 0.445768 0.193762 0.088479 0.136903
1 0.248717 0.609206 0.080393 0.147819
1 0.853966 0.285396 0.078974 0.155329
1 0.627680 0.169319 0.081448 0.149611
1 0.160678 0.775808 0.086451 0.149560
1 0.598393 0.618752 0.080427 0.124968
1 0.933590 0.761829 0.080924 0.151583
1 0.197898 0.336359 0.073984 0.141162
1 0.081027 0.512646 0.089674 0.143551
1 0.175728 0.129301 0.080247 0.145148
1 0.357370 0.469894 0.090552 0.143046
1 0.879755 0.126581 0.079125 0.170727
1 0.979909 0.296664 0.039776 0.156801
1 0.910904 0.978134 0.070281 0.041630
