3 0.038105 0.949613 0.076211 0.100773
3 0.348266 0.734567 0.081297 0.120986
1 0.005855 0.684412 0.011555 0.164880
1 0.006447 0.131637 0.012716 0.172949
1 0.016471 0.015882 0.032906 0.030486
1 0.393799 0.974683 0.103901 0.049310
2 0.185128 0.966882 0.031802 0.050644
1 0.896577 0.985072 0.089023 0.027338
3 0.032382 0.443769 0.064763 0.152065
1 0.017161 0.845606 0.034323 0.126944
1 0.042784 0.097521 0.085568 0.164931
1 0.067350 0.489118 0.088701 0.143810
1 0.024482 0.558539 0.048859 0.130153
1 0.052906 0.841498 0.073188 0.150755
3 0.398628 0.786847 0.076125 0.149130
3 0.461525 0.833368 0.078992 0.145347
3 0.278923 0.757891 0.075820 0.154171
1 0.084384 0.683551 0.088253 0.170361
1 0.116931 0.563690 0.097909 0.144963
1 0.038210 0.719220 0.075815 0.159199
1 0.244686 0.544822 0.094706 0.140764
1 0.053035 0.323509 0.094138 0.129611
1 0.265914 0.040171 0.084016 0.079935
1 0.212242 0.594076 0.104094 0.135468
1 0.210294 0.823641 0.097578 0.128708
1 0.278845 0.937741 0.099154 0.117991
1 0.426915 0.920528 0.097003 0.126704
1 0.422464 0.634979 0.070120 0.177394
1 0.832426 0.927456 0.076315 0.142616
1 0.029720 0.254245 0.059440 0.147120
1 0.188273 0.891248 0.091521 0.131745
1 0.886219 0.894370 0.083193 0.162556
1 0.105241 0.428655 0.090388 0.137005
1 0.223539 0.717313 0.089885 0.132208
1 0.301081 0.125611 0.087219 0.160944
1 0.310927 0.600734 0.076385 0.167958
1 0.462077 0.684852 0.092065 0.174806
1 0.106215 0.825676 0.087029 0.141574
1 0.369034 0.626313 0.065156 0.136440
1 0.143371 0.670005 0.070815 0.119278
1 0.520186 0.945088 0.080331 0.108130
1 0.341728 0.861322 0.071138 0.130523
1 0.287801 0.332558 0.101159 0.158662
1 0.560572 0.842296 0.095070 0.162120
1 0.501120 0.755856 0.078276 0.142769
1 0.277973 0.467845 0.087659 0.130162
