1 0.985573 0.647796 0.028854 0.150694
2 0.952240 0.323132 0.041078 0.067921
1 0.899500 0.977479 0.092370 0.044301
1 0.387652 0.716755 0.076680 0.143148
1 0.004187 0.044079 0.008375 0.088157
3 0.332452 0.634630 0.081539 0.125352
3 0.985547 0.648755 0.028906 0.148426
1 0.523477 0.981944 0.080839 0.035361
3 0.880676 0.242877 0.079242 0.134514
1 0.234138 0.973815 0.089062 0.052204
2 0.922837 0.282581 0.035367 0.061690
3 0.892236 0.366535 0.086612 0.134569
1 0.892150 0.366102 0.087023 0.133769
3 0.362378 0.289530 0.077745 0.130505
1 0.977973 0.968579 0.043810 0.062667
1 0.989621 0.327979 0.020758 0.152782
1 0.990172 0.184995 0.019656 0.149213
3 0.946656 0.428750 0.089953 0.141519
1 0.336341 0.016347 0.096490 0.031667
1 0.006893 0.947183 0.013385 0.105634
3 0.951983 0.202241 0.080784 0.140787
0 0.922741 0.821900 0.154518 0.312884
1 0.313783 0.960613 0.088388 0.078273
2 0.307014 0.294787 0.048477 0.089481
1 0.601517 0.039463 0.079383 0.077880
1 0.987079 0.059623 0.025487 0.116347
2 0.094604 0.795933 0.082812 0.157208
3 0.787880 0.952868 0.083750 0.091255
3 0.719335 0.050301 0.076919 0.098333
3 0.359223 0.169211 0.086253 0.133727
3 0.549727 0.447120 0.076203 0.149667
1 0.050272 0.966211 0.079898 0.067579
3 0.758230 0.285977 0.093659 0.150009
3 0.594480 0.347752 0.081716 0.129625
3 0.241452 0.281042 0.079549 0.139778
3 0.432267 0.155998 0.073102 0.142014
3 0.119161 0.464227 0.078104 0.143157
3 0.551542 0.732984 0.079599 0.160014
3 0.215693 0.833521 0.078661 0.130644
1 0.121406 0.028190 0.085969 0.055991
3 0.065171 0.592630 0.089326 0.147500
3 0.387363 0.716986 0.075451 0.145843
1 0.215527 0.032537 0.076805 0.064713
3 0.331578 0.510678 0.075630 0.133847
3 0.314729 0.772278 0.079536 0.149926
3 0.514784 0.605308 0.084453 0.152588
1 0.334974 0.080870 0.115021 0.134426
1 0.818668 0.319197 0.073169 0.148264
1 0.343083 0.399516 0.096682 0.132347
1 0.193143 0.942294 0.090188 0.115144
1 0.789820 0.166912 0.099734 0.126444
1 0.951926 0.612618 0.071721 0.142829
1 0.626033 0.942664 0.073815 0.114597
1 0.525299 0.351775 0.091240 0.140569
1 0.163190 0.319160 0.076656 0.165301
1 0.351500 0.878565 0.076724 0.168269
1 0.251581 0.517269 0.081589 0.151370
1 0.633091 0.649146 0.101938 0.122958
1 0.823669 0.832025 0.077682 0.153829
1 0.027707 0.696155 0.055414 0.142116
1 0.755284 0.607660 0.096437 0.154125
1 0.467770 0.058750 0.089888 0.116935
1 0.135702 0.600021 0.089299 0.167477
1 0.181243 0.712363 0.085482 0.167903
1 0.259658 0.407759 0.082440 0.145398
1 0.214547 0.624278 0.080844 0.165889
1 0.559776 0.103259 0.087026 0.162926
1 0.635728 0.767720 0.080518 0.139181
1 0.546703 0.240352 0.100302 0.126778
1 0.436039 0.294162 0.088932 0.132991
1 0.467057 0.934088 0.081245 0.128824
1 0.039219 0.868736 0.078115 0.135315
1 0.644191 0.549139 0.076268 0.142250
1 0.260892 0.154722 0.085268 0.136361
1 0.170168 0.100546 0.082727 0.145648
1 0.795409 0.061384 0.082490 0.122731
1 0.039492 0.115884 0.078766 0.162130
1 0.332154 0.636787 0.081646 0.129176
1 0.708975 0.892257 0.081560 0.147977
1 0.552497 0.893345 0.083411 0.154116
1 0.049253 0.406894 0.090990 0.146463
1 0.879078 0.636769 0.086682 0.135435
1 0.901044 0.067528 0.085974 0.134981
1 0.132703 0.233551 0.083703 0.145546
1 0.450661 0.466863 0.075005 0.145125
1 0.646163 0.182861 0.079617 0.153241
1 0.786260 0.717266 0.085693 0.147690
1 0.719016 0.487262 0.087932 0.138773
1 0.034320 0.272954 0.068641 0.146435
1 0.447095 0.804704 0.088211 0.161389
1 0.835273 0.495581 0.086552 0.136949
1 0.682482 0.351111 0.079271 0.144926
1 0.412686 0.585220 0.080643 0.137134
