3 0.405703 0.499037 0.082031 0.141444
3 0.266089 0.302257 0.090385 0.144782
3 0.340721 0.622491 0.084969 0.130824
1 0.468880 0.011704 0.082354 0.023407
1 0.759697 0.024206 0.074232 0.048412
1 0.590313 0.980843 0.104401 0.037824
1 0.005014 0.805847 0.009852 0.136806
1 0.977901 0.982958 0.042802 0.031370
1 0.990596 0.262882 0.018807 0.139745
1 0.992729 0.635947 0.014448 0.138486
1 0.986134 0.792475 0.027576 0.151782
1 0.987135 0.491456 0.025635 0.136505
1 0.685786 0.976488 0.077396 0.045625
3 0.798940 0.146694 0.078182 0.133750
1 0.012368 0.682933 0.024737 0.143949
1 0.019654 0.028072 0.039307 0.055523
1 0.831806 0.957495 0.073977 0.083343
3 0.692948 0.115588 0.098099 0.109296
1 0.215236 0.021419 0.077857 0.041986
1 0.183475 0.974012 0.084737 0.051245
3 0.298855 0.732924 0.076263 0.136588
3 0.631168 0.911505 0.079029 0.130944
3 0.972647 0.149701 0.054607 0.141718
3 0.711146 0.226787 0.086797 0.126194
3 0.093487 0.627176 0.087849 0.136519
3 0.485219 0.485238 0.077036 0.134894
1 0.969309 0.045521 0.061383 0.091042
1 0.693389 0.034998 0.075086 0.069968
3 0.583089 0.205437 0.082396 0.145718
3 0.589833 0.536100 0.081661 0.131292
1 0.550573 0.099757 0.084167 0.163273
1 0.804833 0.058271 0.106625 0.116162
1 0.019945 0.933264 0.039891 0.130546
1 0.349141 0.044229 0.072073 0.087218
1 0.283676 0.955764 0.091102 0.088380
1 0.022227 0.520500 0.044120 0.150648
1 0.126529 0.046375 0.073938 0.091139
1 0.837268 0.228495 0.086766 0.162667
1 0.750309 0.953398 0.080456 0.092028
1 0.481664 0.099444 0.078354 0.166491
1 0.868066 0.916650 0.076867 0.159144
1 0.928070 0.951463 0.071224 0.096454
1 0.746559 0.454315 0.088607 0.153519
1 0.411138 0.078630 0.075562 0.157259
1 0.357531 0.789852 0.091370 0.138056
1 0.279927 0.053391 0.073688 0.105727
1 0.057146 0.750838 0.094703 0.134389
1 0.642553 0.302938 0.078930 0.172662
1 0.169630 0.869711 0.079521 0.166440
1 0.913587 0.229630 0.087190 0.138380
1 0.898930 0.075968 0.082365 0.146407
1 0.531427 0.387852 0.074422 0.155944
1 0.957917 0.867234 0.084167 0.145634
1 0.053230 0.077579 0.083003 0.131343
1 0.151029 0.469502 0.076802 0.153514
1 0.379368 0.911572 0.093143 0.146940
1 0.601663 0.411685 0.088617 0.140935
1 0.704451 0.358009 0.084906 0.143815
1 0.719190 0.839530 0.096698 0.146542
1 0.086861 0.324637 0.087326 0.128088
1 0.526527 0.918688 0.084664 0.137245
1 0.273214 0.552306 0.069375 0.117481
1 0.424250 0.741317 0.083906 0.136356
1 0.086284 0.858028 0.083370 0.145500
1 0.077359 0.481366 0.081266 0.149519
1 0.676033 0.524667 0.077721 0.130833
1 0.785385 0.538278 0.085500 0.152537
1 0.887048 0.353634 0.087576 0.138046
1 0.891314 0.511461 0.086289 0.148319
1 0.275562 0.166900 0.078359 0.126745
1 0.625048 0.708384 0.077628 0.140287
1 0.438977 0.599333 0.081495 0.140602
1 0.847751 0.639164 0.087273 0.147134
1 0.352595 0.146252 0.069779 0.123690
1 0.476939 0.285375 0.079784 0.155657
1 0.193057 0.577255 0.076630 0.132546
1 0.694842 0.661812 0.082810 0.151995
1 0.091844 0.192231 0.090974 0.145352
1 0.519354 0.649331 0.081432 0.158542
1 0.423776 0.388076 0.082135 0.133477
1 0.267374 0.433863 0.080190 0.122384
1 0.584316 0.818683 0.078727 0.146171
1 0.360642 0.281641 0.087529 0.144903
1 0.198587 0.716458 0.085227 0.148139
