1 0.791191 0.573867 0.098023 0.127755
1 0.970863 0.766862 0.058273 0.150339
1 0.136426 0.112214 0.096664 0.130479
1 0.527264 0.615125 0.098223 0.135344
1 0.967959 0.214826 0.064012 0.129693
1 0.037797 0.254682 0.075594 0.138333
1 0.007836 0.465177 0.015672 0.135146
1 0.873250 0.225792 0.106750 0.151344
1 0.153191 0.864716 0.108375 0.149068
1 0.678002 0.545232 0.104348 0.130734
1 0.661289 0.779760 0.117766 0.145104
1 0.074443 0.645982 0.112410 0.155724
1 0.732672 0.674510 0.118594 0.151792
1 0.992904 0.506698 0.014191 0.136229
1 0.950248 0.620549 0.099504 0.146849
1 0.949992 0.365844 0.100016 0.148802
1 0.012250 0.062312 0.024312 0.123344
1 0.691764 0.067651 0.120395 0.135031
1 0.508203 0.170096 0.095430 0.116911
1 0.709371 0.422435 0.107039 0.136026
1 0.381961 0.503893 0.109734 0.137286
1 0.228951 0.023018 0.101020 0.045932
1 0.881072 0.743023 0.107066 0.138807
1 0.439236 0.950573 0.123082 0.098531
1 0.301848 0.595805 0.104836 0.123172
1 0.326979 0.391312 0.122707 0.139896
1 0.347740 0.031047 0.129160 0.062094
1 0.574336 0.349367 0.112273 0.147443
1 0.427883 0.224909 0.094328 0.139911
1 0.587443 0.970990 0.097582 0.057844
1 0.774666 0.276779 0.114918 0.140578
2 0.462879 0.330630 0.059133 0.075740
1 0.270533 0.189130 0.115387 0.136896
1 0.684678 0.967940 0.109035 0.064120
1 0.393646 0.426271 0.094934 0.115437
1 0.209596 0.528086 0.110496 0.146328
1 0.840545 0.389667 0.106582 0.149375
1 0.152305 0.669362 0.116109 0.160870
1 0.615445 0.650411 0.104820 0.149031
1 0.488684 0.482401 0.109055 0.160469
1 0.346998 0.283872 0.129418 0.143943
1 0.342092 0.833451 0.109285 0.161057
1 0.109514 0.330315 0.108848 0.141766
1 0.249078 0.887063 0.099086 0.156771
1 0.560613 0.023984 0.097094 0.047271
1 0.908854 0.954693 0.099723 0.090292
1 0.037307 0.508969 0.074613 0.142323
1 0.115266 0.969255 0.117945 0.061438
1 0.734459 0.876047 0.110723 0.141365
1 0.095504 0.020365 0.105633 0.040344
1 0.025512 0.934026 0.051023 0.130115
1 0.021139 0.713089 0.042223 0.157115
5 0.515660 0.265294 0.101109 0.134953
5 0.423896 0.809555 0.106176 0.125974
