1 0.023953 0.664589 0.047758 0.136760
1 0.058170 0.487341 0.104863 0.118505
1 0.449695 0.027909 0.110625 0.055484
2 0.118258 0.310146 0.048406 0.063865
1 0.682354 0.436188 0.097645 0.128219
1 0.784369 0.253570 0.114785 0.129484
1 0.842225 0.514607 0.108980 0.138276
1 0.757246 0.908372 0.106391 0.127286
1 0.381092 0.795096 0.112082 0.129255
1 0.897113 0.325669 0.114805 0.140245
1 0.468764 0.889250 0.115285 0.157260
1 0.343912 0.287911 0.103371 0.132448
1 0.584289 0.108495 0.111984 0.142240
1 0.823119 0.130146 0.107449 0.126073
1 0.152996 0.584810 0.107906 0.145349
1 0.477867 0.709419 0.103484 0.134672
1 0.081865 0.116247 0.108582 0.133651
1 0.304166 0.896042 0.115754 0.138875
1 0.354246 0.421799 0.119188 0.146089
1 0.441012 0.547195 0.103961 0.153068
1 0.269957 0.502523 0.110141 0.142141
1 0.719883 0.077049 0.109406 0.142964
1 0.196574 0.915076 0.112172 0.152401
1 0.346664 0.598078 0.107578 0.138552
1 0.152609 0.985281 0.112664 0.028771
1 0.987654 0.074331 0.024441 0.138026
1 0.957543 0.015536 0.084766 0.031073
1 0.811531 0.991927 0.102258 0.016125
1 0.578992 0.992484 0.107031 0.014802
2 0.034652 0.289385 0.068312 0.122937
2 0.607006 0.385367 0.041074 0.052328
1 0.011754 0.392667 0.023500 0.133010
2 0.792682 0.342594 0.058230 0.071063
1 0.876316 0.649339 0.106281 0.150000
1 0.177012 0.153003 0.108586 0.131776
1 0.251727 0.066682 0.103055 0.133365
1 0.639307 0.283141 0.108738 0.145479
1 0.034721 0.291185 0.069441 0.122839
1 0.961141 0.787273 0.077672 0.160276
1 0.461840 0.167870 0.130406 0.140687
1 0.611924 0.940828 0.125496 0.117896
1 0.139949 0.047964 0.109414 0.095927
1 0.827135 0.035052 0.117473 0.070104
1 0.128016 0.396086 0.106062 0.137474
1 0.957977 0.426458 0.084047 0.148094
1 0.609543 0.668604 0.113578 0.129927
1 0.842559 0.866977 0.097555 0.139870
1 0.540066 0.394573 0.104289 0.142937
1 0.156201 0.236750 0.110152 0.143427
1 0.017270 0.046781 0.034539 0.093052
5 0.477674 0.299823 0.100223 0.130719
5 0.642699 0.851227 0.108227 0.140318
