5 0.847854 0.577701 0.098699 0.133297
5 0.355447 0.830177 0.099996 0.136396
1 0.737543 0.746445 0.105555 0.136068
1 0.185861 0.466021 0.113465 0.144646
1 0.837592 0.971794 0.107652 0.056068
1 0.309645 0.271776 0.103102 0.133354
1 0.346330 0.971430 0.101645 0.057036
1 0.320586 0.039057 0.098930 0.078115
1 0.575820 0.924997 0.104437 0.132370
1 0.784971 0.031518 0.122723 0.062755
1 0.963506 0.970656 0.072988 0.058688
1 0.007994 0.942693 0.015988 0.114615
1 0.021305 0.486253 0.042195 0.164734
1 0.658299 0.965940 0.112840 0.067307
1 0.624568 0.041953 0.110801 0.083583
1 0.963795 0.625740 0.072410 0.138677
1 0.668975 0.288932 0.115145 0.137937
1 0.842615 0.817318 0.108934 0.138552
1 0.070168 0.970448 0.123039 0.058771
1 0.869879 0.470445 0.135859 0.161526
1 0.550385 0.097167 0.116254 0.126062
1 0.287291 0.802815 0.094863 0.126807
1 0.748525 0.602544 0.112184 0.149578
1 0.896932 0.916398 0.102809 0.123234
1 0.570037 0.230951 0.100746 0.151693
1 0.790643 0.234682 0.106816 0.145000
1 0.551783 0.796625 0.102316 0.134646
1 0.435914 0.383867 0.107188 0.119026
1 0.958283 0.328768 0.083434 0.129443
1 0.201840 0.566724 0.115234 0.141031
1 0.710285 0.472414 0.121734 0.143620
1 0.457846 0.072508 0.112527 0.145016
1 0.437535 0.989539 0.101055 0.020922
1 0.011629 0.325169 0.023258 0.151141
1 0.974240 0.197578 0.051520 0.143719
1 0.205418 0.193260 0.103703 0.133083
1 0.034406 0.036977 0.068328 0.073953
1 0.127189 0.790557 0.117543 0.149042
1 0.627469 0.617862 0.100930 0.143328
1 0.679197 0.853164 0.109605 0.140068
1 0.070461 0.555979 0.107148 0.152854
1 0.525137 0.592591 0.110719 0.148203
1 0.232555 0.699424 0.107805 0.147328
2 0.168186 0.990516 0.041777 0.018365
1 0.349061 0.147664 0.110309 0.141495
1 0.284545 0.401880 0.109848 0.140573
1 0.521502 0.451021 0.117355 0.142448
1 0.992057 0.492745 0.015793 0.143667
1 0.381412 0.605242 0.120051 0.143557
1 0.445029 0.768320 0.103168 0.143766
1 0.483412 0.265331 0.113184 0.155641
1 0.897258 0.022961 0.108273 0.045797
1 0.874896 0.263797 0.092473 0.130469
