1 0.966477 0.509167 0.066805 0.129531
1 0.121656 0.809750 0.106797 0.138990
1 0.054467 0.539482 0.108840 0.145880
1 0.855236 0.984461 0.107613 0.031078
1 0.124840 0.417568 0.113359 0.138625
1 0.389750 0.528039 0.107758 0.141109
1 0.333541 0.412461 0.119621 0.137339
1 0.246252 0.024995 0.110113 0.049990
2 0.174676 0.690146 0.043148 0.055063
1 0.008004 0.358443 0.015953 0.147000
1 0.029502 0.985951 0.059004 0.027776
1 0.347947 0.968703 0.121348 0.062219
1 0.964373 0.161245 0.071176 0.132979
1 0.636338 0.816966 0.107949 0.147661
1 0.557766 0.583836 0.110625 0.123828
1 0.817945 0.797646 0.109063 0.142229
1 0.751518 0.498987 0.108777 0.159620
1 0.745832 0.320948 0.112664 0.141344
1 0.930867 0.738406 0.115727 0.151438
1 0.861543 0.216318 0.097781 0.130469
1 0.806312 0.915755 0.105344 0.142323
1 0.315090 0.717161 0.100836 0.137073
1 0.905301 0.407526 0.106172 0.131281
1 0.446705 0.940922 0.116566 0.117448
1 0.055361 0.701044 0.106473 0.148578
1 0.470098 0.662242 0.111109 0.157109
1 0.248164 0.324609 0.105813 0.149250
1 0.633658 0.445076 0.115551 0.150620
1 0.020697 0.901979 0.041395 0.148042
1 0.219242 0.478253 0.107547 0.146682
1 0.453189 0.380625 0.103363 0.150604
1 0.240330 0.868693 0.111520 0.143042
1 0.370129 0.070557 0.106578 0.141115
1 0.074520 0.237536 0.116117 0.143490
1 0.428637 0.242414 0.111781 0.143255
1 0.565467 0.258133 0.111902 0.147016
1 0.154340 0.283307 0.105930 0.150000
1 0.892377 0.068844 0.114730 0.137313
1 0.741977 0.171951 0.106758 0.131318
1 0.657914 0.067310 0.109820 0.134422
1 0.574939 0.696240 0.108168 0.151240
1 0.216268 0.621865 0.105504 0.140063
1 0.511219 0.815354 0.113102 0.139417
1 0.160557 0.139648 0.114887 0.138651
1 0.993031 0.389911 0.013937 0.144844
5 0.502814 0.526818 0.097871 0.133344
