1 0.454836 0.951529 0.120047 0.096943
1 0.387988 0.869273 0.108820 0.133391
1 0.167070 0.639654 0.118672 0.127234
1 0.054377 0.730214 0.108754 0.144979
1 0.177705 0.408049 0.098238 0.120609
1 0.803719 0.655167 0.108117 0.151083
1 0.551588 0.627440 0.109660 0.147620
1 0.691896 0.073453 0.113395 0.146906
1 0.451441 0.597099 0.106945 0.160021
1 0.315863 0.749229 0.114281 0.145583
1 0.053797 0.518487 0.106609 0.132630
1 0.190680 0.950990 0.107227 0.098021
1 0.367303 0.522878 0.103730 0.125203
1 0.261332 0.273901 0.108555 0.143167
1 0.586975 0.300521 0.111738 0.156677
1 0.192219 0.186443 0.117078 0.134927
1 0.006648 0.862372 0.013297 0.129484
1 0.199262 0.515547 0.119469 0.139219
1 0.911637 0.068010 0.112555 0.135333
1 0.817299 0.462286 0.111988 0.147271
1 0.992986 0.459914 0.013996 0.141089
1 0.979320 0.135435 0.041359 0.136349
1 0.743002 0.542719 0.121215 0.142938
1 0.964619 0.569539 0.070418 0.127391
1 0.933998 0.925630 0.117277 0.146052
1 0.791570 0.339372 0.117852 0.138307
1 0.868121 0.243339 0.114930 0.150875
1 0.991760 0.740849 0.016480 0.136635
1 0.036396 0.384859 0.072793 0.153510
1 0.907768 0.677940 0.105785 0.134828
1 0.208975 0.070336 0.108988 0.116620
1 0.183648 0.735992 0.102594 0.131297
1 0.919754 0.445664 0.100289 0.158901
1 0.293936 0.973344 0.111730 0.053312
1 0.194674 0.824828 0.114598 0.133271
1 0.009939 0.078047 0.019699 0.143010
1 0.986064 0.271815 0.027855 0.132995
2 0.757100 0.255682 0.053684 0.070990
1 0.586217 0.926523 0.105660 0.126807
1 0.197408 0.013536 0.096566 0.027073
1 0.706746 0.208656 0.114703 0.146125
5 0.577758 0.437891 0.100258 0.132865
