1 0.610199 0.030302 0.110227 0.060604
1 0.046561 0.702927 0.093121 0.134448
1 0.984314 0.744521 0.031316 0.125583
2 0.987049 0.977815 0.025902 0.044370
2 0.386350 0.373495 0.042715 0.058219
2 0.633184 0.075513 0.039961 0.050911
1 0.963178 0.349542 0.072465 0.126250
2 0.701437 0.104620 0.038820 0.053594
1 0.986520 0.055490 0.026961 0.110979
1 0.235564 0.018203 0.115676 0.036406
2 0.203889 0.644529 0.040996 0.053651
1 0.143574 0.832349 0.109023 0.145187
1 0.251164 0.978430 0.107805 0.043141
1 0.425172 0.499526 0.099148 0.142979
1 0.980781 0.878193 0.038172 0.148448
1 0.019383 0.228792 0.038562 0.145354
1 0.916189 0.714555 0.103418 0.137703
1 0.584814 0.969982 0.113668 0.059630
1 0.045613 0.053036 0.091227 0.106073
1 0.021096 0.929398 0.041785 0.135109
1 0.959580 0.252359 0.080840 0.157281
1 0.073072 0.562273 0.102723 0.144234
1 0.532426 0.398982 0.124656 0.146797
1 0.327045 0.236846 0.129574 0.133891
1 0.031033 0.577708 0.062066 0.139458
1 0.370340 0.668005 0.104695 0.130500
1 0.090355 0.125359 0.121805 0.158417
1 0.353432 0.308430 0.105090 0.131536
1 0.339988 0.578716 0.107539 0.126974
1 0.963682 0.606227 0.071957 0.156297
1 0.396824 0.763779 0.114773 0.140339
1 0.806354 0.282438 0.106465 0.144167
1 0.397645 0.896034 0.109852 0.141214
1 0.739295 0.729521 0.102105 0.148094
1 0.864223 0.846482 0.111578 0.138651
1 0.899936 0.517771 0.117926 0.145312
1 0.167949 0.401052 0.125859 0.144260
1 0.550721 0.778401 0.105715 0.145531
1 0.643818 0.860841 0.117504 0.147411
1 0.832578 0.716464 0.100688 0.138146
1 0.647838 0.685297 0.115488 0.157781
1 0.245666 0.563500 0.103160 0.146510
1 0.160506 0.516727 0.111996 0.147318
1 0.455906 0.606703 0.104742 0.142563
1 0.130182 0.948799 0.115684 0.101964
1 0.497664 0.917482 0.100563 0.142964
1 0.716494 0.204500 0.110410 0.146042
1 0.277119 0.696326 0.105074 0.136349
1 0.785611 0.483180 0.110816 0.161599
1 0.524686 0.503680 0.106934 0.140255
1 0.051668 0.348326 0.103195 0.127964
1 0.304576 0.828724 0.105465 0.140198
1 0.685121 0.542682 0.111656 0.143448
1 0.555768 0.633745 0.110324 0.144354
1 0.410123 0.160143 0.106113 0.135005
1 0.366732 0.054503 0.105684 0.109005
1 0.832414 0.060703 0.108320 0.121406
1 0.698178 0.030471 0.106598 0.060943
5 0.335764 0.460518 0.105434 0.133964
