1 0.550125 0.360849 0.113031 0.147010
1 0.228971 0.206768 0.110090 0.156839
1 0.933010 0.103328 0.099621 0.148656
1 0.238316 0.577948 0.097484 0.124927
1 0.829578 0.238932 0.119398 0.141062
1 0.896531 0.345484 0.095195 0.134146
1 0.125162 0.754484 0.115176 0.140073
1 0.104711 0.834794 0.094711 0.125380
1 0.737150 0.636060 0.101488 0.154714
1 0.106393 0.498174 0.104559 0.138276
1 0.794031 0.322401 0.113930 0.146688
1 0.671199 0.043768 0.107430 0.087536
1 0.036670 0.713143 0.073160 0.145578
1 0.798162 0.076146 0.107402 0.150198
1 0.038654 0.567844 0.077137 0.147510
1 0.759068 0.991370 0.108004 0.017260
1 0.959701 0.796302 0.079840 0.135104
1 0.344342 0.803792 0.103613 0.128990
1 0.430289 0.019240 0.103000 0.038365
2 0.193213 0.505680 0.056059 0.072964
1 0.529545 0.882456 0.113027 0.141422
1 0.272686 0.774651 0.113754 0.145552
5 0.510432 0.594604 0.105699 0.124917
1 0.582064 0.544841 0.113715 0.157453
1 0.061572 0.155266 0.106855 0.142667
1 0.993359 0.351279 0.013000 0.140224
1 0.380840 0.143169 0.106148 0.142203
1 0.922359 0.969008 0.114656 0.061984
1 0.479762 0.125547 0.107203 0.141396
1 0.155428 0.970495 0.113363 0.058792
1 0.511354 0.253693 0.106277 0.141177
1 0.774707 0.024461 0.106625 0.048922
1 0.416137 0.976844 0.103406 0.045990
1 0.080934 0.011492 0.112742 0.022984
1 0.328252 0.018445 0.107465 0.036693
1 0.966924 0.130576 0.065855 0.130786
2 0.198361 0.670404 0.040762 0.055349
1 0.604098 0.214083 0.102102 0.146281
1 0.014410 0.400073 0.028820 0.159312
1 0.508895 0.768807 0.104242 0.134896
1 0.322615 0.502695 0.120566 0.147266
1 0.985334 0.037055 0.029262 0.074089
1 0.043191 0.928724 0.086383 0.119573
1 0.178725 0.080313 0.122676 0.158500
2 0.861965 0.145094 0.063227 0.073833
1 0.591781 0.688531 0.121055 0.150854
1 0.669262 0.507914 0.112016 0.159474
1 0.278943 0.085893 0.091809 0.135578
1 0.707268 0.219956 0.108934 0.144047
1 0.876625 0.026583 0.103023 0.052573
0 0.702133 0.884992 0.197609 0.229807
1 0.771027 0.464029 0.098570 0.146224
1 0.282355 0.920656 0.103508 0.158563
1 0.977400 0.919440 0.045027 0.145078
