1 0.721463 0.898456 0.095004 0.143047
1 0.953383 0.949099 0.093234 0.101250
1 0.457086 0.720185 0.114367 0.148964
1 0.848582 0.226167 0.107922 0.144615
1 0.038033 0.024500 0.076066 0.049000
1 0.117082 0.192984 0.104406 0.140687
1 0.349072 0.739672 0.112621 0.156083
1 0.638168 0.681760 0.126969 0.156896
1 0.746602 0.221703 0.097859 0.113573
1 0.049340 0.609299 0.098469 0.142339
1 0.494174 0.098740 0.124480 0.145146
1 0.237203 0.737036 0.116273 0.147469
1 0.177867 0.414451 0.097250 0.130995
1 0.599127 0.983221 0.106074 0.033557
1 0.699268 0.091893 0.114199 0.143786
1 0.222906 0.598307 0.107688 0.141187
1 0.307883 0.168378 0.107375 0.150849
1 0.421219 0.597961 0.098055 0.111974
1 0.404891 0.448924 0.111023 0.142568
1 0.675486 0.553401 0.111160 0.135240
1 0.813545 0.095096 0.114832 0.145516
1 0.221924 0.089799 0.104488 0.141536
1 0.101449 0.329779 0.106313 0.136401
1 0.569500 0.164755 0.095039 0.125781
1 0.427543 0.311974 0.108703 0.146458
1 0.778764 0.426633 0.115184 0.144276
1 0.444209 0.877372 0.109730 0.132328
1 0.037199 0.930695 0.074398 0.138234
1 0.524340 0.017044 0.101461 0.034089
2 0.724398 0.862940 0.028320 0.034651
1 0.773002 0.968544 0.106348 0.062099
1 0.753973 0.021018 0.127219 0.041849
1 0.199109 0.963659 0.090063 0.072495
5 0.503797 0.372411 0.104820 0.133052
1 0.979125 0.841727 0.041523 0.147370
1 0.983545 0.600516 0.032676 0.147854
1 0.963225 0.026240 0.073551 0.052344
1 0.038928 0.104932 0.077855 0.119010
1 0.479041 0.966565 0.110332 0.066755
1 0.961668 0.287698 0.076664 0.156979
1 0.211092 0.309953 0.083387 0.110677
1 0.285990 0.949281 0.110395 0.100073
1 0.027400 0.383604 0.054496 0.132417
1 0.961551 0.719651 0.076898 0.137490
1 0.881520 0.360292 0.118437 0.143698
1 0.797377 0.826956 0.112801 0.156057
1 0.120045 0.938690 0.105207 0.121161
1 0.622863 0.263451 0.130797 0.125557
1 0.492951 0.509174 0.115855 0.141620
1 0.634697 0.907227 0.113645 0.147078
1 0.640045 0.431430 0.104473 0.126922
1 0.764678 0.689615 0.113637 0.134260
1 0.785990 0.566948 0.113145 0.144750
