5 0.402445 0.623487 0.105984 0.126578
1 0.989105 0.941367 0.021773 0.117266
1 0.122770 0.927872 0.112641 0.144255
1 0.404260 0.939992 0.110215 0.119661
1 0.138441 0.750443 0.116391 0.129750
1 0.680617 0.841469 0.103398 0.157448
1 0.789572 0.458339 0.117246 0.146438
1 0.800266 0.326487 0.106898 0.128870
1 0.551770 0.295573 0.107477 0.134323
1 0.804049 0.902141 0.098168 0.125937
1 0.089416 0.053174 0.107809 0.105995
1 0.736777 0.624984 0.106195 0.137812
1 0.456391 0.038667 0.101297 0.077229
1 0.703615 0.975068 0.106488 0.049865
1 0.680637 0.668214 0.108758 0.141948
1 0.549434 0.165036 0.107180 0.138344
1 0.285430 0.260818 0.115578 0.143063
1 0.334930 0.516099 0.116937 0.144229
1 0.657297 0.482253 0.121711 0.148557
1 0.725887 0.056690 0.101219 0.113214
1 0.023816 0.517729 0.047539 0.141229
1 0.259854 0.072411 0.110785 0.144073
1 0.196580 0.831466 0.127020 0.152432
1 0.305631 0.385708 0.115223 0.126427
1 0.935195 0.519352 0.110102 0.138870
1 0.444260 0.981021 0.107918 0.037958
1 0.986510 0.066982 0.026848 0.126318
1 0.784734 0.195745 0.108586 0.141083
1 0.988756 0.472401 0.022277 0.128333
1 0.928648 0.935029 0.107570 0.129745
1 0.573678 0.987094 0.112105 0.025812
1 0.008010 0.644005 0.015980 0.127740
2 0.069771 0.862906 0.035199 0.045625
1 0.013615 0.739755 0.027168 0.122708
1 0.993576 0.186161 0.012848 0.127021
1 0.201873 0.364617 0.110840 0.156161
1 0.253031 0.649029 0.111102 0.147589
1 0.947857 0.760292 0.103973 0.150500
1 0.040846 0.298628 0.081691 0.141432
1 0.031973 0.116242 0.063922 0.149755
1 0.106375 0.386146 0.099258 0.135333
1 0.329707 0.859073 0.095609 0.129760
1 0.093201 0.625646 0.117566 0.147792
1 0.129832 0.233977 0.116102 0.154589
1 0.223516 0.511302 0.109594 0.145146
1 0.195777 0.974883 0.118812 0.050234
1 0.621658 0.075500 0.117020 0.148052
1 0.463682 0.488727 0.116223 0.157516
1 0.592094 0.905247 0.111070 0.148703
1 0.553186 0.596451 0.108676 0.143026
1 0.375244 0.149919 0.115871 0.155172
1 0.398195 0.747693 0.107508 0.140823
1 0.495395 0.704273 0.099070 0.135464
1 0.814107 0.746497 0.102543 0.134859
