5 0.429252 0.349951 0.106801 0.132745
2 0.481199 0.629229 0.037242 0.053615
1 0.979729 0.635484 0.040402 0.130115
1 0.504842 0.196010 0.174293 0.129417
1 0.410652 0.929346 0.105156 0.141307
1 0.024896 0.361341 0.049754 0.144453
1 0.628906 0.018125 0.120953 0.036104
1 0.991168 0.094542 0.017188 0.146771
1 0.776297 0.033766 0.115891 0.067531
1 0.978602 0.228719 0.042547 0.130312
1 0.728164 0.269487 0.111328 0.140505
1 0.984498 0.465805 0.030754 0.148214
1 0.026221 0.087763 0.052371 0.125151
1 0.074439 0.009437 0.108301 0.018875
1 0.728451 0.510445 0.120605 0.140099
1 0.939084 0.950148 0.121707 0.099182
1 0.274686 0.439086 0.106816 0.161286
1 0.694412 0.612948 0.105004 0.134250
1 0.580693 0.643107 0.128410 0.140818
1 0.536822 0.300737 0.123168 0.134130
2 0.017844 0.019859 0.035687 0.039719
1 0.669230 0.964727 0.110336 0.070234
1 0.633938 0.751997 0.120727 0.148599
1 0.880994 0.496753 0.124293 0.149432
1 0.205975 0.541398 0.105504 0.119755
1 0.869898 0.663573 0.112078 0.146302
1 0.494350 0.453984 0.110207 0.130000
1 0.722396 0.900284 0.102059 0.140599
1 0.610500 0.518341 0.112453 0.131109
1 0.895506 0.255648 0.128348 0.150891
1 0.331854 0.112263 0.100160 0.129349
1 0.785008 0.746771 0.111148 0.140052
1 0.757852 0.129922 0.100578 0.135469
1 0.579719 0.403893 0.118859 0.136964
1 0.494766 0.815911 0.115227 0.142063
1 0.932553 0.380167 0.119020 0.134042
1 0.958061 0.771404 0.083879 0.141630
1 0.067088 0.665607 0.114598 0.150422
1 0.396051 0.685302 0.119188 0.152740
1 0.050953 0.188375 0.101727 0.143708
1 0.139943 0.264932 0.114434 0.137708
1 0.185166 0.386237 0.109707 0.135391
1 0.297887 0.276758 0.100836 0.126359
1 0.179215 0.144711 0.113852 0.145641
1 0.661914 0.096229 0.110430 0.143260
1 0.566850 0.080487 0.110715 0.145943
1 0.188090 0.655294 0.110180 0.132286
1 0.861908 0.118810 0.107824 0.142724
1 0.581223 0.902096 0.110109 0.148182
1 0.252648 0.890305 0.119703 0.141724
1 0.084475 0.439034 0.106004 0.121880
1 0.945770 0.054263 0.093984 0.108526
1 0.440660 0.081510 0.109711 0.153115
1 0.269500 0.763974 0.108898 0.137167
1 0.366158 0.475417 0.106660 0.144208
1 0.376455 0.034669 0.125059 0.069297
1 0.846963 0.857591 0.111332 0.141714
